#i j s ts te 
0 0 0 0 1 = 1.0
0 0 0 0 2 = 1.0
0 0 0 0 3 = 1.0
0 0 0 0 4 = 1.0
0 0 0 1 2 = 1.0
0 0 0 1 3 = 1.0
0 0 0 1 4 = 1.0
0 0 0 2 3 = 1.0
0 0 0 2 4 = 1.0
0 0 0 3 4 = 1.0
0 1 0 0 1 = 1.0
0 1 0 0 2 = 1.0
0 1 0 0 3 = 1.0
0 1 0 0 4 = 1.0
0 1 0 1 2 = 1.0
0 1 0 1 3 = 1.0
0 1 0 1 4 = 1.0
0 1 0 2 3 = 1.0
0 1 0 2 4 = 1.0
0 1 0 3 4 = 1.0
0 6 0 0 1 = 1.0
0 6 0 0 2 = 1.0
0 6 0 0 3 = 1.0
0 6 0 0 4 = 1.0
0 6 0 1 2 = 1.0
0 6 0 1 3 = 1.0
0 6 0 1 4 = 1.0
0 6 0 2 3 = 1.0
0 6 0 2 4 = 1.0
0 6 0 3 4 = 1.0
0 9 0 0 1 = 1.0
0 9 0 0 2 = 1.0
0 9 0 0 3 = 1.0
0 9 0 0 4 = 1.0
0 9 0 1 2 = 1.0
0 9 0 1 3 = 1.0
0 9 0 1 4 = 1.0
0 9 0 2 3 = 1.0
0 9 0 2 4 = 1.0
0 9 0 3 4 = 1.0
1 0 0 0 1 = 1.0
1 0 0 0 2 = 1.0
1 0 0 0 3 = 1.0
1 0 0 0 4 = 1.0
1 0 0 1 2 = 1.0
1 0 0 1 3 = 1.0
1 0 0 1 4 = 1.0
1 0 0 2 3 = 1.0
1 0 0 2 4 = 1.0
1 0 0 3 4 = 1.0
1 1 0 0 1 = 1.0
1 1 0 0 2 = 1.0
1 1 0 0 3 = 1.0
1 1 0 0 4 = 1.0
1 1 0 1 2 = 1.0
1 1 0 1 3 = 1.0
1 1 0 1 4 = 1.0
1 1 0 2 3 = 1.0
1 1 0 2 4 = 1.0
1 1 0 3 4 = 1.0
1 6 0 0 1 = 1.0
1 6 0 0 2 = 1.0
1 6 0 0 3 = 1.0
1 6 0 0 4 = 1.0
1 6 0 1 2 = 1.0
1 6 0 1 3 = 1.0
1 6 0 1 4 = 1.0
1 6 0 2 3 = 1.0
1 6 0 2 4 = 1.0
1 6 0 3 4 = 1.0
1 9 0 0 1 = 1.0
1 9 0 0 2 = 1.0
1 9 0 0 3 = 1.0
1 9 0 0 4 = 1.0
1 9 0 1 2 = 1.0
1 9 0 1 3 = 1.0
1 9 0 1 4 = 1.0
1 9 0 2 3 = 1.0
1 9 0 2 4 = 1.0
1 9 0 3 4 = 1.0
2 2 0 0 1 = 1.0
2 2 0 0 2 = 1.0
2 2 0 0 3 = 1.0
2 2 0 0 4 = 1.0
2 2 0 1 2 = 1.0
2 2 0 1 3 = 1.0
2 2 0 1 4 = 1.0
2 2 0 2 3 = 1.0
2 2 0 2 4 = 1.0
2 2 0 3 4 = 1.0
3 3 0 0 1 = 1.0
3 3 0 0 2 = 1.0
3 3 0 0 3 = 1.0
3 3 0 0 4 = 1.0
3 3 0 1 2 = 1.0
3 3 0 1 3 = 1.0
3 3 0 1 4 = 1.0
3 3 0 2 3 = 1.0
3 3 0 2 4 = 1.0
3 3 0 3 4 = 1.0
3 5 0 0 1 = 1.0
3 5 0 0 2 = 1.0
3 5 0 0 3 = 1.0
3 5 0 0 4 = 1.0
3 5 0 1 2 = 1.0
3 5 0 1 3 = 1.0
3 5 0 1 4 = 1.0
3 5 0 2 3 = 1.0
3 5 0 2 4 = 1.0
3 5 0 3 4 = 1.0
3 7 0 0 1 = 1.0
3 7 0 0 2 = 1.0
3 7 0 0 3 = 1.0
3 7 0 0 4 = 1.0
3 7 0 1 2 = 1.0
3 7 0 1 3 = 1.0
3 7 0 1 4 = 1.0
3 7 0 2 3 = 1.0
3 7 0 2 4 = 1.0
3 7 0 3 4 = 1.0
3 8 0 0 1 = 1.0
3 8 0 0 2 = 1.0
3 8 0 0 3 = 1.0
3 8 0 0 4 = 1.0
3 8 0 1 2 = 1.0
3 8 0 1 3 = 1.0
3 8 0 1 4 = 1.0
3 8 0 2 3 = 1.0
3 8 0 2 4 = 1.0
3 8 0 3 4 = 1.0
4 4 0 0 1 = 1.0
4 4 0 0 2 = 1.0
4 4 0 0 3 = 1.0
4 4 0 0 4 = 1.0
4 4 0 1 2 = 1.0
4 4 0 1 3 = 1.0
4 4 0 1 4 = 1.0
4 4 0 2 3 = 1.0
4 4 0 2 4 = 1.0
4 4 0 3 4 = 1.0
5 3 0 0 1 = 1.0
5 3 0 0 2 = 1.0
5 3 0 0 3 = 1.0
5 3 0 0 4 = 1.0
5 3 0 1 2 = 1.0
5 3 0 1 3 = 1.0
5 3 0 1 4 = 1.0
5 3 0 2 3 = 1.0
5 3 0 2 4 = 1.0
5 3 0 3 4 = 1.0
5 5 0 0 1 = 1.0
5 5 0 0 2 = 1.0
5 5 0 0 3 = 1.0
5 5 0 0 4 = 1.0
5 5 0 1 2 = 1.0
5 5 0 1 3 = 1.0
5 5 0 1 4 = 1.0
5 5 0 2 3 = 1.0
5 5 0 2 4 = 1.0
5 5 0 3 4 = 1.0
5 7 0 0 1 = 1.0
5 7 0 0 2 = 1.0
5 7 0 0 3 = 1.0
5 7 0 0 4 = 1.0
5 7 0 1 2 = 1.0
5 7 0 1 3 = 1.0
5 7 0 1 4 = 1.0
5 7 0 2 3 = 1.0
5 7 0 2 4 = 1.0
5 7 0 3 4 = 1.0
5 8 0 0 1 = 1.0
5 8 0 0 2 = 1.0
5 8 0 0 3 = 1.0
5 8 0 0 4 = 1.0
5 8 0 1 2 = 1.0
5 8 0 1 3 = 1.0
5 8 0 1 4 = 1.0
5 8 0 2 3 = 1.0
5 8 0 2 4 = 1.0
5 8 0 3 4 = 1.0
6 0 0 0 1 = 1.0
6 0 0 0 2 = 1.0
6 0 0 0 3 = 1.0
6 0 0 0 4 = 1.0
6 0 0 1 2 = 1.0
6 0 0 1 3 = 1.0
6 0 0 1 4 = 1.0
6 0 0 2 3 = 1.0
6 0 0 2 4 = 1.0
6 0 0 3 4 = 1.0
6 1 0 0 1 = 1.0
6 1 0 0 2 = 1.0
6 1 0 0 3 = 1.0
6 1 0 0 4 = 1.0
6 1 0 1 2 = 1.0
6 1 0 1 3 = 1.0
6 1 0 1 4 = 1.0
6 1 0 2 3 = 1.0
6 1 0 2 4 = 1.0
6 1 0 3 4 = 1.0
6 6 0 0 1 = 1.0
6 6 0 0 2 = 1.0
6 6 0 0 3 = 1.0
6 6 0 0 4 = 1.0
6 6 0 1 2 = 1.0
6 6 0 1 3 = 1.0
6 6 0 1 4 = 1.0
6 6 0 2 3 = 1.0
6 6 0 2 4 = 1.0
6 6 0 3 4 = 1.0
6 9 0 0 1 = 1.0
6 9 0 0 2 = 1.0
6 9 0 0 3 = 1.0
6 9 0 0 4 = 1.0
6 9 0 1 2 = 1.0
6 9 0 1 3 = 1.0
6 9 0 1 4 = 1.0
6 9 0 2 3 = 1.0
6 9 0 2 4 = 1.0
6 9 0 3 4 = 1.0
7 3 0 0 1 = 1.0
7 3 0 0 2 = 1.0
7 3 0 0 3 = 1.0
7 3 0 0 4 = 1.0
7 3 0 1 2 = 1.0
7 3 0 1 3 = 1.0
7 3 0 1 4 = 1.0
7 3 0 2 3 = 1.0
7 3 0 2 4 = 1.0
7 3 0 3 4 = 1.0
7 5 0 0 1 = 1.0
7 5 0 0 2 = 1.0
7 5 0 0 3 = 1.0
7 5 0 0 4 = 1.0
7 5 0 1 2 = 1.0
7 5 0 1 3 = 1.0
7 5 0 1 4 = 1.0
7 5 0 2 3 = 1.0
7 5 0 2 4 = 1.0
7 5 0 3 4 = 1.0
7 7 0 0 1 = 1.0
7 7 0 0 2 = 1.0
7 7 0 0 3 = 1.0
7 7 0 0 4 = 1.0
7 7 0 1 2 = 1.0
7 7 0 1 3 = 1.0
7 7 0 1 4 = 1.0
7 7 0 2 3 = 1.0
7 7 0 2 4 = 1.0
7 7 0 3 4 = 1.0
7 8 0 0 1 = 1.0
7 8 0 0 2 = 1.0
7 8 0 0 3 = 1.0
7 8 0 0 4 = 1.0
7 8 0 1 2 = 1.0
7 8 0 1 3 = 1.0
7 8 0 1 4 = 1.0
7 8 0 2 3 = 1.0
7 8 0 2 4 = 1.0
7 8 0 3 4 = 1.0
8 3 0 0 1 = 1.0
8 3 0 0 2 = 1.0
8 3 0 0 3 = 1.0
8 3 0 0 4 = 1.0
8 3 0 1 2 = 1.0
8 3 0 1 3 = 1.0
8 3 0 1 4 = 1.0
8 3 0 2 3 = 1.0
8 3 0 2 4 = 1.0
8 3 0 3 4 = 1.0
8 5 0 0 1 = 1.0
8 5 0 0 2 = 1.0
8 5 0 0 3 = 1.0
8 5 0 0 4 = 1.0
8 5 0 1 2 = 1.0
8 5 0 1 3 = 1.0
8 5 0 1 4 = 1.0
8 5 0 2 3 = 1.0
8 5 0 2 4 = 1.0
8 5 0 3 4 = 1.0
8 7 0 0 1 = 1.0
8 7 0 0 2 = 1.0
8 7 0 0 3 = 1.0
8 7 0 0 4 = 1.0
8 7 0 1 2 = 1.0
8 7 0 1 3 = 1.0
8 7 0 1 4 = 1.0
8 7 0 2 3 = 1.0
8 7 0 2 4 = 1.0
8 7 0 3 4 = 1.0
8 8 0 0 1 = 1.0
8 8 0 0 2 = 1.0
8 8 0 0 3 = 1.0
8 8 0 0 4 = 1.0
8 8 0 1 2 = 1.0
8 8 0 1 3 = 1.0
8 8 0 1 4 = 1.0
8 8 0 2 3 = 1.0
8 8 0 2 4 = 1.0
8 8 0 3 4 = 1.0
9 0 0 0 1 = 1.0
9 0 0 0 2 = 1.0
9 0 0 0 3 = 1.0
9 0 0 0 4 = 1.0
9 0 0 1 2 = 1.0
9 0 0 1 3 = 1.0
9 0 0 1 4 = 1.0
9 0 0 2 3 = 1.0
9 0 0 2 4 = 1.0
9 0 0 3 4 = 1.0
9 1 0 0 1 = 1.0
9 1 0 0 2 = 1.0
9 1 0 0 3 = 1.0
9 1 0 0 4 = 1.0
9 1 0 1 2 = 1.0
9 1 0 1 3 = 1.0
9 1 0 1 4 = 1.0
9 1 0 2 3 = 1.0
9 1 0 2 4 = 1.0
9 1 0 3 4 = 1.0
9 6 0 0 1 = 1.0
9 6 0 0 2 = 1.0
9 6 0 0 3 = 1.0
9 6 0 0 4 = 1.0
9 6 0 1 2 = 1.0
9 6 0 1 3 = 1.0
9 6 0 1 4 = 1.0
9 6 0 2 3 = 1.0
9 6 0 2 4 = 1.0
9 6 0 3 4 = 1.0
9 9 0 0 1 = 1.0
9 9 0 0 2 = 1.0
9 9 0 0 3 = 1.0
9 9 0 0 4 = 1.0
9 9 0 1 2 = 1.0
9 9 0 1 3 = 1.0
9 9 0 1 4 = 1.0
9 9 0 2 3 = 1.0
9 9 0 2 4 = 1.0
9 9 0 3 4 = 1.0
