#i j s ts te 
0 1 0 0 1 = 1.0
0 1 1 0 1 = 1.0
0 1 2 0 1 = 1.0
0 1 3 0 1 = 1.0
0 2 0 0 1 = 1.0
0 2 2 0 1 = 1.0
0 3 0 0 1 = 1.0
0 4 0 0 1 = 1.0
0 5 0 0 1 = 1.0
0 6 0 0 1 = 1.0
0 6 2 0 1 = 1.0
0 7 0 0 1 = 1.0
0 7 1 0 1 = 1.0
0 7 2 0 1 = 1.0
0 7 3 0 1 = 1.0
0 10 0 0 1 = 1.0
0 11 0 0 1 = 1.0
0 12 0 0 1 = 1.0
0 12 2 0 1 = 1.0
0 13 0 0 1 = 1.0
0 14 0 0 1 = 1.0
0 15 0 0 1 = 1.0
0 15 1 0 1 = 1.0
0 15 2 0 1 = 1.0
0 15 3 0 1 = 1.0
0 16 0 0 1 = 1.0
0 16 2 0 1 = 1.0
0 17 0 0 1 = 1.0
0 17 1 0 1 = 1.0
0 17 2 0 1 = 1.0
0 17 3 0 1 = 1.0
0 18 0 0 1 = 1.0
0 19 0 0 1 = 1.0
0 19 1 0 1 = 1.0
0 19 2 0 1 = 1.0
0 20 0 0 1 = 1.0
0 20 2 0 1 = 1.0
0 21 0 0 1 = 1.0
0 22 0 0 1 = 1.0
0 23 0 0 1 = 1.0
0 24 0 0 1 = 1.0
1 0 0 0 1 = 1.0
1 0 1 0 1 = 1.0
1 0 2 0 1 = 1.0
1 0 3 0 1 = 1.0
1 2 0 0 1 = 1.0
1 2 2 0 1 = 1.0
1 3 0 0 1 = 1.0
1 4 0 0 1 = 1.0
1 5 0 0 1 = 1.0
1 6 0 0 1 = 1.0
1 6 2 0 1 = 1.0
1 7 0 0 1 = 1.0
1 7 1 0 1 = 1.0
1 7 2 0 1 = 1.0
1 7 3 0 1 = 1.0
1 10 0 0 1 = 1.0
1 11 0 0 1 = 1.0
1 12 0 0 1 = 1.0
1 12 2 0 1 = 1.0
1 13 0 0 1 = 1.0
1 14 0 0 1 = 1.0
1 15 0 0 1 = 1.0
1 15 1 0 1 = 1.0
1 15 2 0 1 = 1.0
1 15 3 0 1 = 1.0
1 16 0 0 1 = 1.0
1 16 2 0 1 = 1.0
1 17 0 0 1 = 1.0
1 17 1 0 1 = 1.0
1 17 2 0 1 = 1.0
1 17 3 0 1 = 1.0
1 18 0 0 1 = 1.0
1 19 0 0 1 = 1.0
1 19 1 0 1 = 1.0
1 19 2 0 1 = 1.0
1 20 0 0 1 = 1.0
1 20 2 0 1 = 1.0
1 21 0 0 1 = 1.0
1 22 0 0 1 = 1.0
1 23 0 0 1 = 1.0
1 24 0 0 1 = 1.0
2 0 0 0 1 = 1.0
2 0 2 0 1 = 1.0
2 1 0 0 1 = 1.0
2 1 2 0 1 = 1.0
2 3 0 0 1 = 1.0
2 3 1 0 1 = 1.0
2 3 2 0 1 = 1.0
2 3 3 0 1 = 1.0
2 4 0 0 1 = 1.0
2 4 1 0 1 = 1.0
2 4 2 0 1 = 1.0
2 4 3 0 1 = 1.0
2 5 0 0 1 = 1.0
2 7 0 0 1 = 1.0
2 7 2 0 1 = 1.0
2 11 0 0 1 = 1.0
2 15 0 0 1 = 1.0
2 15 2 0 1 = 1.0
2 17 0 0 1 = 1.0
2 17 2 0 1 = 1.0
2 18 0 0 1 = 1.0
2 19 0 0 1 = 1.0
2 21 0 0 1 = 1.0
2 22 0 0 1 = 1.0
2 22 1 0 1 = 1.0
2 22 2 0 1 = 1.0
2 23 0 0 1 = 1.0
2 23 1 0 1 = 1.0
2 23 2 0 1 = 1.0
2 24 0 0 1 = 1.0
2 24 1 0 1 = 1.0
2 24 2 0 1 = 1.0
3 0 0 0 1 = 1.0
3 1 0 0 1 = 1.0
3 2 0 0 1 = 1.0
3 2 1 0 1 = 1.0
3 2 2 0 1 = 1.0
3 2 3 0 1 = 1.0
3 4 0 0 1 = 1.0
3 4 1 0 1 = 1.0
3 4 2 0 1 = 1.0
3 4 3 0 1 = 1.0
3 5 0 0 1 = 1.0
3 7 0 0 1 = 1.0
3 11 0 0 1 = 1.0
3 15 0 0 1 = 1.0
3 17 0 0 1 = 1.0
3 18 0 0 1 = 1.0
3 21 0 0 1 = 1.0
3 22 0 0 1 = 1.0
3 22 1 0 1 = 1.0
3 22 2 0 1 = 1.0
3 22 3 0 1 = 1.0
3 23 0 0 1 = 1.0
3 23 1 0 1 = 1.0
3 23 2 0 1 = 1.0
3 23 3 0 1 = 1.0
3 24 0 0 1 = 1.0
3 24 1 0 1 = 1.0
3 24 2 0 1 = 1.0
3 24 3 0 1 = 1.0
4 0 0 0 1 = 1.0
4 1 0 0 1 = 1.0
4 2 0 0 1 = 1.0
4 2 1 0 1 = 1.0
4 2 2 0 1 = 1.0
4 2 3 0 1 = 1.0
4 3 0 0 1 = 1.0
4 3 1 0 1 = 1.0
4 3 2 0 1 = 1.0
4 3 3 0 1 = 1.0
4 5 0 0 1 = 1.0
4 7 0 0 1 = 1.0
4 11 0 0 1 = 1.0
4 15 0 0 1 = 1.0
4 17 0 0 1 = 1.0
4 18 0 0 1 = 1.0
4 19 0 0 1 = 1.0
4 21 0 0 1 = 1.0
4 22 0 0 1 = 1.0
4 22 1 0 1 = 1.0
4 22 2 0 1 = 1.0
4 22 3 0 1 = 1.0
4 23 0 0 1 = 1.0
4 23 1 0 1 = 1.0
4 23 2 0 1 = 1.0
4 23 3 0 1 = 1.0
4 24 0 0 1 = 1.0
4 24 1 0 1 = 1.0
4 24 2 0 1 = 1.0
4 24 3 0 1 = 1.0
5 0 0 0 1 = 1.0
5 1 0 0 1 = 1.0
5 2 0 0 1 = 1.0
5 3 0 0 1 = 1.0
5 4 0 0 1 = 1.0
5 6 0 0 1 = 1.0
5 7 0 0 1 = 1.0
5 10 0 0 1 = 1.0
5 11 0 0 1 = 1.0
5 11 2 0 1 = 1.0
5 12 0 0 1 = 1.0
5 13 0 0 1 = 1.0
5 14 0 0 1 = 1.0
5 15 0 0 1 = 1.0
5 16 0 0 1 = 1.0
5 17 0 0 1 = 1.0
5 18 0 0 1 = 1.0
5 18 1 0 1 = 1.0
5 18 2 0 1 = 1.0
5 18 3 0 1 = 1.0
5 19 0 0 1 = 1.0
5 20 0 0 1 = 1.0
5 21 0 0 1 = 1.0
5 21 1 0 1 = 1.0
5 21 2 0 1 = 1.0
5 21 3 0 1 = 1.0
5 22 0 0 1 = 1.0
5 23 0 0 1 = 1.0
5 24 0 0 1 = 1.0
6 0 0 0 1 = 1.0
6 0 2 0 1 = 1.0
6 1 0 0 1 = 1.0
6 1 2 0 1 = 1.0
6 5 0 0 1 = 1.0
6 7 0 0 1 = 1.0
6 7 2 0 1 = 1.0
6 10 0 0 1 = 1.0
6 10 2 0 1 = 1.0
6 12 0 0 1 = 1.0
6 12 1 0 1 = 1.0
6 12 2 0 1 = 1.0
6 12 3 0 1 = 1.0
6 13 0 0 1 = 1.0
6 13 2 0 1 = 1.0
6 14 0 0 1 = 1.0
6 14 2 0 1 = 1.0
6 15 0 0 1 = 1.0
6 15 2 0 1 = 1.0
6 16 0 0 1 = 1.0
6 16 1 0 1 = 1.0
6 16 2 0 1 = 1.0
6 16 3 0 1 = 1.0
6 17 0 0 1 = 1.0
6 17 2 0 1 = 1.0
6 18 0 0 1 = 1.0
6 19 0 0 1 = 1.0
6 19 2 0 1 = 1.0
6 20 0 0 1 = 1.0
6 20 1 0 1 = 1.0
6 20 2 0 1 = 1.0
6 20 3 0 1 = 1.0
6 21 0 0 1 = 1.0
7 0 0 0 1 = 1.0
7 0 1 0 1 = 1.0
7 0 2 0 1 = 1.0
7 0 3 0 1 = 1.0
7 1 0 0 1 = 1.0
7 1 1 0 1 = 1.0
7 1 2 0 1 = 1.0
7 1 3 0 1 = 1.0
7 2 0 0 1 = 1.0
7 2 2 0 1 = 1.0
7 3 0 0 1 = 1.0
7 4 0 0 1 = 1.0
7 5 0 0 1 = 1.0
7 6 0 0 1 = 1.0
7 6 2 0 1 = 1.0
7 10 0 0 1 = 1.0
7 11 0 0 1 = 1.0
7 12 0 0 1 = 1.0
7 12 2 0 1 = 1.0
7 13 0 0 1 = 1.0
7 14 0 0 1 = 1.0
7 15 0 0 1 = 1.0
7 15 1 0 1 = 1.0
7 15 2 0 1 = 1.0
7 15 3 0 1 = 1.0
7 16 0 0 1 = 1.0
7 16 2 0 1 = 1.0
7 17 0 0 1 = 1.0
7 17 1 0 1 = 1.0
7 17 2 0 1 = 1.0
7 17 3 0 1 = 1.0
7 18 0 0 1 = 1.0
7 19 0 0 1 = 1.0
7 19 1 0 1 = 1.0
7 19 2 0 1 = 1.0
7 20 0 0 1 = 1.0
7 20 2 0 1 = 1.0
7 21 0 0 1 = 1.0
7 22 0 0 1 = 1.0
7 23 0 0 1 = 1.0
7 24 0 0 1 = 1.0
8 9 0 0 1 = 1.0
8 9 1 0 1 = 1.0
8 9 2 0 1 = 1.0
8 9 3 0 1 = 1.0
8 10 0 0 1 = 1.0
8 13 0 0 1 = 1.0
8 14 0 0 1 = 1.0
9 8 0 0 1 = 1.0
9 8 1 0 1 = 1.0
9 8 2 0 1 = 1.0
9 8 3 0 1 = 1.0
9 10 0 0 1 = 1.0
9 13 0 0 1 = 1.0
9 14 0 0 1 = 1.0
10 0 0 0 1 = 1.0
10 1 0 0 1 = 1.0
10 5 0 0 1 = 1.0
10 6 0 0 1 = 1.0
10 6 2 0 1 = 1.0
10 7 0 0 1 = 1.0
10 8 0 0 1 = 1.0
10 9 0 0 1 = 1.0
10 12 0 0 1 = 1.0
10 12 2 0 1 = 1.0
10 13 0 0 1 = 1.0
10 13 1 0 1 = 1.0
10 13 2 0 1 = 1.0
10 13 3 0 1 = 1.0
10 14 0 0 1 = 1.0
10 14 1 0 1 = 1.0
10 14 2 0 1 = 1.0
10 14 3 0 1 = 1.0
10 15 0 0 1 = 1.0
10 16 0 0 1 = 1.0
10 16 2 0 1 = 1.0
10 17 0 0 1 = 1.0
10 18 0 0 1 = 1.0
10 19 0 0 1 = 1.0
10 19 2 0 1 = 1.0
10 20 0 0 1 = 1.0
10 20 2 0 1 = 1.0
10 21 0 0 1 = 1.0
11 0 0 0 1 = 1.0
11 1 0 0 1 = 1.0
11 2 0 0 1 = 1.0
11 3 0 0 1 = 1.0
11 4 0 0 1 = 1.0
11 5 0 0 1 = 1.0
11 5 2 0 1 = 1.0
11 7 0 0 1 = 1.0
11 15 0 0 1 = 1.0
11 17 0 0 1 = 1.0
11 18 0 0 1 = 1.0
11 18 2 0 1 = 1.0
11 21 0 0 1 = 1.0
11 21 2 0 1 = 1.0
11 22 0 0 1 = 1.0
11 23 0 0 1 = 1.0
11 24 0 0 1 = 1.0
12 0 0 0 1 = 1.0
12 0 2 0 1 = 1.0
12 1 0 0 1 = 1.0
12 1 2 0 1 = 1.0
12 5 0 0 1 = 1.0
12 6 0 0 1 = 1.0
12 6 1 0 1 = 1.0
12 6 2 0 1 = 1.0
12 6 3 0 1 = 1.0
12 7 0 0 1 = 1.0
12 7 2 0 1 = 1.0
12 10 0 0 1 = 1.0
12 10 2 0 1 = 1.0
12 13 0 0 1 = 1.0
12 13 2 0 1 = 1.0
12 14 0 0 1 = 1.0
12 14 2 0 1 = 1.0
12 15 0 0 1 = 1.0
12 15 2 0 1 = 1.0
12 16 0 0 1 = 1.0
12 16 1 0 1 = 1.0
12 16 2 0 1 = 1.0
12 16 3 0 1 = 1.0
12 17 0 0 1 = 1.0
12 17 2 0 1 = 1.0
12 18 0 0 1 = 1.0
12 19 0 0 1 = 1.0
12 19 2 0 1 = 1.0
12 20 0 0 1 = 1.0
12 20 1 0 1 = 1.0
12 20 2 0 1 = 1.0
12 20 3 0 1 = 1.0
12 21 0 0 1 = 1.0
13 0 0 0 1 = 1.0
13 1 0 0 1 = 1.0
13 5 0 0 1 = 1.0
13 6 0 0 1 = 1.0
13 6 2 0 1 = 1.0
13 7 0 0 1 = 1.0
13 8 0 0 1 = 1.0
13 9 0 0 1 = 1.0
13 10 0 0 1 = 1.0
13 10 1 0 1 = 1.0
13 10 2 0 1 = 1.0
13 10 3 0 1 = 1.0
13 12 0 0 1 = 1.0
13 12 2 0 1 = 1.0
13 14 0 0 1 = 1.0
13 14 1 0 1 = 1.0
13 14 2 0 1 = 1.0
13 14 3 0 1 = 1.0
13 15 0 0 1 = 1.0
13 16 0 0 1 = 1.0
13 16 2 0 1 = 1.0
13 17 0 0 1 = 1.0
13 18 0 0 1 = 1.0
13 19 0 0 1 = 1.0
13 19 2 0 1 = 1.0
13 20 0 0 1 = 1.0
13 20 2 0 1 = 1.0
13 21 0 0 1 = 1.0
14 0 0 0 1 = 1.0
14 1 0 0 1 = 1.0
14 5 0 0 1 = 1.0
14 6 0 0 1 = 1.0
14 6 2 0 1 = 1.0
14 7 0 0 1 = 1.0
14 8 0 0 1 = 1.0
14 9 0 0 1 = 1.0
14 10 0 0 1 = 1.0
14 10 1 0 1 = 1.0
14 10 2 0 1 = 1.0
14 10 3 0 1 = 1.0
14 12 0 0 1 = 1.0
14 12 2 0 1 = 1.0
14 13 0 0 1 = 1.0
14 13 1 0 1 = 1.0
14 13 2 0 1 = 1.0
14 13 3 0 1 = 1.0
14 15 0 0 1 = 1.0
14 16 0 0 1 = 1.0
14 16 2 0 1 = 1.0
14 17 0 0 1 = 1.0
14 18 0 0 1 = 1.0
14 19 0 0 1 = 1.0
14 19 2 0 1 = 1.0
14 20 0 0 1 = 1.0
14 20 2 0 1 = 1.0
14 21 0 0 1 = 1.0
15 0 0 0 1 = 1.0
15 0 1 0 1 = 1.0
15 0 2 0 1 = 1.0
15 0 3 0 1 = 1.0
15 1 0 0 1 = 1.0
15 1 1 0 1 = 1.0
15 1 2 0 1 = 1.0
15 1 3 0 1 = 1.0
15 2 0 0 1 = 1.0
15 2 2 0 1 = 1.0
15 3 0 0 1 = 1.0
15 4 0 0 1 = 1.0
15 5 0 0 1 = 1.0
15 6 0 0 1 = 1.0
15 6 2 0 1 = 1.0
15 7 0 0 1 = 1.0
15 7 1 0 1 = 1.0
15 7 2 0 1 = 1.0
15 7 3 0 1 = 1.0
15 10 0 0 1 = 1.0
15 11 0 0 1 = 1.0
15 12 0 0 1 = 1.0
15 12 2 0 1 = 1.0
15 13 0 0 1 = 1.0
15 14 0 0 1 = 1.0
15 16 0 0 1 = 1.0
15 16 2 0 1 = 1.0
15 17 0 0 1 = 1.0
15 17 1 0 1 = 1.0
15 17 2 0 1 = 1.0
15 17 3 0 1 = 1.0
15 18 0 0 1 = 1.0
15 19 0 0 1 = 1.0
15 19 1 0 1 = 1.0
15 19 2 0 1 = 1.0
15 20 0 0 1 = 1.0
15 20 2 0 1 = 1.0
15 21 0 0 1 = 1.0
15 22 0 0 1 = 1.0
15 23 0 0 1 = 1.0
15 24 0 0 1 = 1.0
16 0 0 0 1 = 1.0
16 0 2 0 1 = 1.0
16 1 0 0 1 = 1.0
16 1 2 0 1 = 1.0
16 5 0 0 1 = 1.0
16 6 0 0 1 = 1.0
16 6 1 0 1 = 1.0
16 6 2 0 1 = 1.0
16 6 3 0 1 = 1.0
16 7 0 0 1 = 1.0
16 7 2 0 1 = 1.0
16 10 0 0 1 = 1.0
16 10 2 0 1 = 1.0
16 12 0 0 1 = 1.0
16 12 1 0 1 = 1.0
16 12 2 0 1 = 1.0
16 12 3 0 1 = 1.0
16 13 0 0 1 = 1.0
16 13 2 0 1 = 1.0
16 14 0 0 1 = 1.0
16 14 2 0 1 = 1.0
16 15 0 0 1 = 1.0
16 15 2 0 1 = 1.0
16 17 0 0 1 = 1.0
16 17 2 0 1 = 1.0
16 18 0 0 1 = 1.0
16 19 0 0 1 = 1.0
16 19 2 0 1 = 1.0
16 20 0 0 1 = 1.0
16 20 1 0 1 = 1.0
16 20 2 0 1 = 1.0
16 20 3 0 1 = 1.0
16 21 0 0 1 = 1.0
17 0 0 0 1 = 1.0
17 0 1 0 1 = 1.0
17 0 2 0 1 = 1.0
17 0 3 0 1 = 1.0
17 1 0 0 1 = 1.0
17 1 1 0 1 = 1.0
17 1 2 0 1 = 1.0
17 1 3 0 1 = 1.0
17 2 0 0 1 = 1.0
17 2 2 0 1 = 1.0
17 3 0 0 1 = 1.0
17 4 0 0 1 = 1.0
17 5 0 0 1 = 1.0
17 6 0 0 1 = 1.0
17 6 2 0 1 = 1.0
17 7 0 0 1 = 1.0
17 7 1 0 1 = 1.0
17 7 2 0 1 = 1.0
17 7 3 0 1 = 1.0
17 10 0 0 1 = 1.0
17 11 0 0 1 = 1.0
17 12 0 0 1 = 1.0
17 12 2 0 1 = 1.0
17 13 0 0 1 = 1.0
17 14 0 0 1 = 1.0
17 15 0 0 1 = 1.0
17 15 1 0 1 = 1.0
17 15 2 0 1 = 1.0
17 15 3 0 1 = 1.0
17 16 0 0 1 = 1.0
17 16 2 0 1 = 1.0
17 18 0 0 1 = 1.0
17 19 0 0 1 = 1.0
17 19 1 0 1 = 1.0
17 19 2 0 1 = 1.0
17 20 0 0 1 = 1.0
17 20 2 0 1 = 1.0
17 21 0 0 1 = 1.0
17 22 0 0 1 = 1.0
17 23 0 0 1 = 1.0
17 24 0 0 1 = 1.0
18 0 0 0 1 = 1.0
18 1 0 0 1 = 1.0
18 2 0 0 1 = 1.0
18 3 0 0 1 = 1.0
18 4 0 0 1 = 1.0
18 5 0 0 1 = 1.0
18 5 1 0 1 = 1.0
18 5 2 0 1 = 1.0
18 5 3 0 1 = 1.0
18 6 0 0 1 = 1.0
18 7 0 0 1 = 1.0
18 10 0 0 1 = 1.0
18 11 0 0 1 = 1.0
18 11 2 0 1 = 1.0
18 12 0 0 1 = 1.0
18 13 0 0 1 = 1.0
18 14 0 0 1 = 1.0
18 15 0 0 1 = 1.0
18 16 0 0 1 = 1.0
18 17 0 0 1 = 1.0
18 19 0 0 1 = 1.0
18 20 0 0 1 = 1.0
18 21 0 0 1 = 1.0
18 21 1 0 1 = 1.0
18 21 2 0 1 = 1.0
18 21 3 0 1 = 1.0
18 22 0 0 1 = 1.0
18 23 0 0 1 = 1.0
18 24 0 0 1 = 1.0
19 0 0 0 1 = 1.0
19 0 1 0 1 = 1.0
19 0 2 0 1 = 1.0
19 1 0 0 1 = 1.0
19 1 1 0 1 = 1.0
19 1 2 0 1 = 1.0
19 2 0 0 1 = 1.0
19 4 0 0 1 = 1.0
19 5 0 0 1 = 1.0
19 6 0 0 1 = 1.0
19 6 2 0 1 = 1.0
19 7 0 0 1 = 1.0
19 7 1 0 1 = 1.0
19 7 2 0 1 = 1.0
19 10 0 0 1 = 1.0
19 10 2 0 1 = 1.0
19 12 0 0 1 = 1.0
19 12 2 0 1 = 1.0
19 13 0 0 1 = 1.0
19 13 2 0 1 = 1.0
19 14 0 0 1 = 1.0
19 14 2 0 1 = 1.0
19 15 0 0 1 = 1.0
19 15 1 0 1 = 1.0
19 15 2 0 1 = 1.0
19 16 0 0 1 = 1.0
19 16 2 0 1 = 1.0
19 17 0 0 1 = 1.0
19 17 1 0 1 = 1.0
19 17 2 0 1 = 1.0
19 18 0 0 1 = 1.0
19 20 0 0 1 = 1.0
19 20 2 0 1 = 1.0
19 21 0 0 1 = 1.0
20 0 0 0 1 = 1.0
20 0 2 0 1 = 1.0
20 1 0 0 1 = 1.0
20 1 2 0 1 = 1.0
20 5 0 0 1 = 1.0
20 6 0 0 1 = 1.0
20 6 1 0 1 = 1.0
20 6 2 0 1 = 1.0
20 6 3 0 1 = 1.0
20 7 0 0 1 = 1.0
20 7 2 0 1 = 1.0
20 10 0 0 1 = 1.0
20 10 2 0 1 = 1.0
20 12 0 0 1 = 1.0
20 12 1 0 1 = 1.0
20 12 2 0 1 = 1.0
20 12 3 0 1 = 1.0
20 13 0 0 1 = 1.0
20 13 2 0 1 = 1.0
20 14 0 0 1 = 1.0
20 14 2 0 1 = 1.0
20 15 0 0 1 = 1.0
20 15 2 0 1 = 1.0
20 16 0 0 1 = 1.0
20 16 1 0 1 = 1.0
20 16 2 0 1 = 1.0
20 16 3 0 1 = 1.0
20 17 0 0 1 = 1.0
20 17 2 0 1 = 1.0
20 18 0 0 1 = 1.0
20 19 0 0 1 = 1.0
20 19 2 0 1 = 1.0
20 21 0 0 1 = 1.0
21 0 0 0 1 = 1.0
21 1 0 0 1 = 1.0
21 2 0 0 1 = 1.0
21 3 0 0 1 = 1.0
21 4 0 0 1 = 1.0
21 5 0 0 1 = 1.0
21 5 1 0 1 = 1.0
21 5 2 0 1 = 1.0
21 5 3 0 1 = 1.0
21 6 0 0 1 = 1.0
21 7 0 0 1 = 1.0
21 10 0 0 1 = 1.0
21 11 0 0 1 = 1.0
21 11 2 0 1 = 1.0
21 12 0 0 1 = 1.0
21 13 0 0 1 = 1.0
21 14 0 0 1 = 1.0
21 15 0 0 1 = 1.0
21 16 0 0 1 = 1.0
21 17 0 0 1 = 1.0
21 18 0 0 1 = 1.0
21 18 1 0 1 = 1.0
21 18 2 0 1 = 1.0
21 18 3 0 1 = 1.0
21 19 0 0 1 = 1.0
21 20 0 0 1 = 1.0
21 22 0 0 1 = 1.0
21 23 0 0 1 = 1.0
21 24 0 0 1 = 1.0
22 0 0 0 1 = 1.0
22 1 0 0 1 = 1.0
22 2 0 0 1 = 1.0
22 2 1 0 1 = 1.0
22 2 2 0 1 = 1.0
22 3 0 0 1 = 1.0
22 3 1 0 1 = 1.0
22 3 2 0 1 = 1.0
22 3 3 0 1 = 1.0
22 4 0 0 1 = 1.0
22 4 1 0 1 = 1.0
22 4 2 0 1 = 1.0
22 4 3 0 1 = 1.0
22 5 0 0 1 = 1.0
22 7 0 0 1 = 1.0
22 11 0 0 1 = 1.0
22 15 0 0 1 = 1.0
22 17 0 0 1 = 1.0
22 18 0 0 1 = 1.0
22 21 0 0 1 = 1.0
22 23 0 0 1 = 1.0
22 23 1 0 1 = 1.0
22 23 2 0 1 = 1.0
22 23 3 0 1 = 1.0
22 24 0 0 1 = 1.0
22 24 1 0 1 = 1.0
22 24 2 0 1 = 1.0
22 24 3 0 1 = 1.0
23 0 0 0 1 = 1.0
23 1 0 0 1 = 1.0
23 2 0 0 1 = 1.0
23 2 1 0 1 = 1.0
23 2 2 0 1 = 1.0
23 3 0 0 1 = 1.0
23 3 1 0 1 = 1.0
23 3 2 0 1 = 1.0
23 3 3 0 1 = 1.0
23 4 0 0 1 = 1.0
23 4 1 0 1 = 1.0
23 4 2 0 1 = 1.0
23 4 3 0 1 = 1.0
23 5 0 0 1 = 1.0
23 7 0 0 1 = 1.0
23 11 0 0 1 = 1.0
23 15 0 0 1 = 1.0
23 17 0 0 1 = 1.0
23 18 0 0 1 = 1.0
23 21 0 0 1 = 1.0
23 22 0 0 1 = 1.0
23 22 1 0 1 = 1.0
23 22 2 0 1 = 1.0
23 22 3 0 1 = 1.0
23 24 0 0 1 = 1.0
23 24 1 0 1 = 1.0
23 24 2 0 1 = 1.0
23 24 3 0 1 = 1.0
24 0 0 0 1 = 1.0
24 1 0 0 1 = 1.0
24 2 0 0 1 = 1.0
24 2 1 0 1 = 1.0
24 2 2 0 1 = 1.0
24 3 0 0 1 = 1.0
24 3 1 0 1 = 1.0
24 3 2 0 1 = 1.0
24 3 3 0 1 = 1.0
24 4 0 0 1 = 1.0
24 4 1 0 1 = 1.0
24 4 2 0 1 = 1.0
24 4 3 0 1 = 1.0
24 5 0 0 1 = 1.0
24 7 0 0 1 = 1.0
24 11 0 0 1 = 1.0
24 15 0 0 1 = 1.0
24 17 0 0 1 = 1.0
24 18 0 0 1 = 1.0
24 21 0 0 1 = 1.0
24 22 0 0 1 = 1.0
24 22 1 0 1 = 1.0
24 22 2 0 1 = 1.0
24 22 3 0 1 = 1.0
24 23 0 0 1 = 1.0
24 23 1 0 1 = 1.0
24 23 2 0 1 = 1.0
24 23 3 0 1 = 1.0
