#i j s ts te 
0 0 0 0 1 = 1.0
0 0 0 0 2 = 1.0
0 0 0 0 3 = 1.0
0 0 0 0 4 = 1.0
0 0 0 1 2 = 1.0
0 0 0 1 3 = 1.0
0 0 0 1 4 = 1.0
0 0 0 1 5 = 1.0
0 0 0 2 3 = 1.0
0 0 0 2 4 = 1.0
0 0 0 2 5 = 1.0
0 0 0 2 6 = 1.0
0 0 0 3 4 = 1.0
0 0 0 3 5 = 1.0
0 0 0 3 6 = 1.0
0 0 0 3 7 = 1.0
0 0 0 4 5 = 1.0
0 0 0 4 6 = 1.0
0 0 0 4 7 = 1.0
0 0 0 4 8 = 1.0
0 0 0 5 6 = 1.0
0 0 0 5 7 = 1.0
0 0 0 5 8 = 1.0
0 0 0 5 9 = 1.0
0 0 0 6 7 = 1.0
0 0 0 6 8 = 1.0
0 0 0 6 9 = 1.0
0 0 0 6 10 = 1.0
0 0 0 7 8 = 1.0
0 0 0 7 9 = 1.0
0 0 0 7 10 = 1.0
0 0 0 7 11 = 1.0
0 0 0 8 9 = 1.0
0 0 0 8 10 = 1.0
0 0 0 8 11 = 1.0
0 0 0 8 12 = 1.0
0 0 0 9 10 = 1.0
0 0 0 9 11 = 1.0
0 0 0 9 12 = 1.0
0 0 0 9 13 = 1.0
0 0 0 10 11 = 1.0
0 0 0 10 12 = 1.0
0 0 0 10 13 = 1.0
0 0 0 10 14 = 1.0
0 0 0 11 12 = 1.0
0 0 0 11 13 = 1.0
0 0 0 11 14 = 1.0
0 0 0 12 13 = 1.0
0 0 0 12 14 = 1.0
0 0 0 13 14 = 1.0
0 2 0 0 1 = 1.0
0 2 0 0 2 = 1.0
0 2 0 0 3 = 1.0
0 2 0 0 4 = 1.0
0 2 0 1 2 = 1.0
0 2 0 1 3 = 1.0
0 2 0 1 4 = 1.0
0 2 0 1 5 = 1.0
0 2 0 2 3 = 1.0
0 2 0 2 4 = 1.0
0 2 0 2 5 = 1.0
0 2 0 2 6 = 1.0
0 2 0 3 4 = 1.0
0 2 0 3 5 = 1.0
0 2 0 3 6 = 1.0
0 2 0 3 7 = 1.0
0 2 0 4 5 = 1.0
0 2 0 4 6 = 1.0
0 2 0 4 7 = 1.0
0 2 0 4 8 = 1.0
0 2 0 5 6 = 1.0
0 2 0 5 7 = 1.0
0 2 0 5 8 = 1.0
0 2 0 5 9 = 1.0
0 2 0 6 7 = 1.0
0 2 0 6 8 = 1.0
0 2 0 6 9 = 1.0
0 2 0 6 10 = 1.0
0 2 0 7 8 = 1.0
0 2 0 7 9 = 1.0
0 2 0 7 10 = 1.0
0 2 0 7 11 = 1.0
0 2 0 8 9 = 1.0
0 2 0 8 10 = 1.0
0 2 0 8 11 = 1.0
0 2 0 8 12 = 1.0
0 2 0 9 10 = 1.0
0 2 0 9 11 = 1.0
0 2 0 9 12 = 1.0
0 2 0 9 13 = 1.0
0 2 0 10 11 = 1.0
0 2 0 10 12 = 1.0
0 2 0 10 13 = 1.0
0 2 0 10 14 = 1.0
0 2 0 11 12 = 1.0
0 2 0 11 13 = 1.0
0 2 0 11 14 = 1.0
0 2 0 12 13 = 1.0
0 2 0 12 14 = 1.0
0 2 0 13 14 = 1.0
0 6 0 13 14 = 1.0
0 9 0 0 1 = 1.0
0 9 0 0 2 = 1.0
0 9 0 0 3 = 1.0
0 9 0 0 4 = 1.0
0 9 0 1 2 = 1.0
0 9 0 1 3 = 1.0
0 9 0 1 4 = 1.0
0 9 0 1 5 = 1.0
0 9 0 2 3 = 1.0
0 9 0 2 4 = 1.0
0 9 0 2 5 = 1.0
0 9 0 2 6 = 1.0
0 9 0 3 4 = 1.0
0 9 0 3 5 = 1.0
0 9 0 3 6 = 1.0
0 9 0 3 7 = 1.0
0 9 0 4 5 = 1.0
0 9 0 4 6 = 1.0
0 9 0 4 7 = 1.0
0 9 0 4 8 = 1.0
0 9 0 5 6 = 1.0
0 9 0 5 7 = 1.0
0 9 0 5 8 = 1.0
0 9 0 5 9 = 1.0
0 9 0 6 7 = 1.0
0 9 0 6 8 = 1.0
0 9 0 6 9 = 1.0
0 9 0 6 10 = 1.0
0 9 0 7 8 = 1.0
0 9 0 7 9 = 1.0
0 9 0 7 10 = 1.0
0 9 0 7 11 = 1.0
0 9 0 8 9 = 1.0
0 9 0 8 10 = 1.0
0 9 0 8 11 = 1.0
0 9 0 8 12 = 1.0
0 9 0 9 10 = 1.0
0 9 0 9 11 = 1.0
0 9 0 9 12 = 1.0
0 9 0 9 13 = 1.0
0 9 0 10 11 = 1.0
0 9 0 10 12 = 1.0
0 9 0 10 13 = 1.0
0 9 0 10 14 = 1.0
0 9 0 11 12 = 1.0
0 9 0 11 13 = 1.0
0 9 0 11 14 = 1.0
0 9 0 12 13 = 1.0
0 9 0 12 14 = 1.0
0 9 0 13 14 = 1.0
1 1 0 0 1 = 1.0
1 1 0 0 2 = 1.0
1 1 0 0 3 = 1.0
1 1 0 0 4 = 1.0
1 1 0 1 2 = 1.0
1 1 0 1 3 = 1.0
1 1 0 1 4 = 1.0
1 1 0 1 5 = 1.0
1 1 0 2 3 = 1.0
1 1 0 2 4 = 1.0
1 1 0 2 5 = 1.0
1 1 0 2 6 = 1.0
1 1 0 3 4 = 1.0
1 1 0 3 5 = 1.0
1 1 0 3 6 = 1.0
1 1 0 3 7 = 1.0
1 1 0 4 5 = 1.0
1 1 0 4 6 = 1.0
1 1 0 4 7 = 1.0
1 1 0 4 8 = 1.0
1 1 0 5 6 = 1.0
1 1 0 5 7 = 1.0
1 1 0 5 8 = 1.0
1 1 0 5 9 = 1.0
1 1 0 6 7 = 1.0
1 1 0 6 8 = 1.0
1 1 0 6 9 = 1.0
1 1 0 6 10 = 1.0
1 1 0 7 8 = 1.0
1 1 0 7 9 = 1.0
1 1 0 7 10 = 1.0
1 1 0 7 11 = 1.0
1 1 0 8 9 = 1.0
1 1 0 8 10 = 1.0
1 1 0 8 11 = 1.0
1 1 0 8 12 = 1.0
1 1 0 9 10 = 1.0
1 1 0 9 11 = 1.0
1 1 0 9 12 = 1.0
1 1 0 9 13 = 1.0
1 1 0 10 11 = 1.0
1 1 0 10 12 = 1.0
1 1 0 10 13 = 1.0
1 1 0 10 14 = 1.0
1 1 0 11 12 = 1.0
1 1 0 11 13 = 1.0
1 1 0 11 14 = 1.0
1 1 0 12 13 = 1.0
1 1 0 12 14 = 1.0
1 1 0 13 14 = 1.0
1 4 0 0 1 = 1.0
1 4 0 0 2 = 1.0
1 4 0 0 3 = 1.0
1 4 0 0 4 = 1.0
1 4 0 1 2 = 1.0
1 4 0 1 3 = 1.0
1 4 0 1 4 = 1.0
1 4 0 1 5 = 1.0
1 4 0 2 3 = 1.0
1 4 0 2 4 = 1.0
1 4 0 2 5 = 1.0
1 4 0 2 6 = 1.0
1 4 0 3 4 = 1.0
1 4 0 3 5 = 1.0
1 4 0 3 6 = 1.0
1 4 0 3 7 = 1.0
1 4 0 4 5 = 1.0
1 4 0 4 6 = 1.0
1 4 0 4 7 = 1.0
1 4 0 4 8 = 1.0
1 4 0 5 6 = 1.0
1 4 0 5 7 = 1.0
1 4 0 5 8 = 1.0
1 4 0 5 9 = 1.0
1 4 0 6 7 = 1.0
1 4 0 6 8 = 1.0
1 4 0 6 9 = 1.0
1 4 0 6 10 = 1.0
1 4 0 7 8 = 1.0
1 4 0 7 9 = 1.0
1 4 0 7 10 = 1.0
1 4 0 7 11 = 1.0
1 4 0 8 9 = 1.0
1 4 0 8 10 = 1.0
1 4 0 8 11 = 1.0
1 4 0 8 12 = 1.0
1 4 0 9 10 = 1.0
1 4 0 9 11 = 1.0
1 4 0 9 12 = 1.0
1 4 0 9 13 = 1.0
1 4 0 10 11 = 1.0
1 4 0 10 12 = 1.0
1 4 0 10 13 = 1.0
1 4 0 10 14 = 1.0
1 4 0 11 12 = 1.0
1 4 0 11 13 = 1.0
1 4 0 11 14 = 1.0
1 4 0 12 13 = 1.0
1 4 0 12 14 = 1.0
1 4 0 13 14 = 1.0
1 7 0 0 1 = 1.0
1 7 0 0 2 = 1.0
1 7 0 0 3 = 1.0
1 7 0 0 4 = 1.0
1 7 0 1 2 = 1.0
1 7 0 1 3 = 1.0
1 7 0 1 4 = 1.0
1 7 0 1 5 = 1.0
1 7 0 2 3 = 1.0
1 7 0 2 4 = 1.0
1 7 0 2 5 = 1.0
1 7 0 2 6 = 1.0
1 7 0 3 4 = 1.0
1 7 0 3 5 = 1.0
1 7 0 3 6 = 1.0
1 7 0 3 7 = 1.0
1 7 0 4 5 = 1.0
1 7 0 4 6 = 1.0
1 7 0 4 7 = 1.0
1 7 0 4 8 = 1.0
1 7 0 5 6 = 1.0
1 7 0 5 7 = 1.0
1 7 0 5 8 = 1.0
1 7 0 5 9 = 1.0
1 7 0 6 7 = 1.0
1 7 0 6 8 = 1.0
1 7 0 6 9 = 1.0
1 7 0 6 10 = 1.0
1 7 0 7 8 = 1.0
1 7 0 7 9 = 1.0
1 7 0 7 10 = 1.0
1 7 0 7 11 = 1.0
1 7 0 8 9 = 1.0
1 7 0 8 10 = 1.0
1 7 0 8 11 = 1.0
1 7 0 8 12 = 1.0
1 7 0 9 10 = 1.0
1 7 0 9 11 = 1.0
1 7 0 9 12 = 1.0
1 7 0 9 13 = 1.0
1 7 0 10 11 = 1.0
1 7 0 10 12 = 1.0
1 7 0 10 13 = 1.0
1 7 0 10 14 = 1.0
1 7 0 11 12 = 1.0
1 7 0 11 13 = 1.0
1 7 0 11 14 = 1.0
1 7 0 12 13 = 1.0
1 7 0 12 14 = 1.0
1 7 0 13 14 = 1.0
2 0 0 0 1 = 1.0
2 0 0 0 2 = 1.0
2 0 0 0 3 = 1.0
2 0 0 0 4 = 1.0
2 0 0 1 2 = 1.0
2 0 0 1 3 = 1.0
2 0 0 1 4 = 1.0
2 0 0 1 5 = 1.0
2 0 0 2 3 = 1.0
2 0 0 2 4 = 1.0
2 0 0 2 5 = 1.0
2 0 0 2 6 = 1.0
2 0 0 3 4 = 1.0
2 0 0 3 5 = 1.0
2 0 0 3 6 = 1.0
2 0 0 3 7 = 1.0
2 0 0 4 5 = 1.0
2 0 0 4 6 = 1.0
2 0 0 4 7 = 1.0
2 0 0 4 8 = 1.0
2 0 0 5 6 = 1.0
2 0 0 5 7 = 1.0
2 0 0 5 8 = 1.0
2 0 0 5 9 = 1.0
2 0 0 6 7 = 1.0
2 0 0 6 8 = 1.0
2 0 0 6 9 = 1.0
2 0 0 6 10 = 1.0
2 0 0 7 8 = 1.0
2 0 0 7 9 = 1.0
2 0 0 7 10 = 1.0
2 0 0 7 11 = 1.0
2 0 0 8 9 = 1.0
2 0 0 8 10 = 1.0
2 0 0 8 11 = 1.0
2 0 0 8 12 = 1.0
2 0 0 9 10 = 1.0
2 0 0 9 11 = 1.0
2 0 0 9 12 = 1.0
2 0 0 9 13 = 1.0
2 0 0 10 11 = 1.0
2 0 0 10 12 = 1.0
2 0 0 10 13 = 1.0
2 0 0 10 14 = 1.0
2 0 0 11 12 = 1.0
2 0 0 11 13 = 1.0
2 0 0 11 14 = 1.0
2 0 0 12 13 = 1.0
2 0 0 12 14 = 1.0
2 0 0 13 14 = 1.0
2 2 0 0 1 = 1.0
2 2 0 0 2 = 1.0
2 2 0 0 3 = 1.0
2 2 0 0 4 = 1.0
2 2 0 1 2 = 1.0
2 2 0 1 3 = 1.0
2 2 0 1 4 = 1.0
2 2 0 1 5 = 1.0
2 2 0 2 3 = 1.0
2 2 0 2 4 = 1.0
2 2 0 2 5 = 1.0
2 2 0 2 6 = 1.0
2 2 0 3 4 = 1.0
2 2 0 3 5 = 1.0
2 2 0 3 6 = 1.0
2 2 0 3 7 = 1.0
2 2 0 4 5 = 1.0
2 2 0 4 6 = 1.0
2 2 0 4 7 = 1.0
2 2 0 4 8 = 1.0
2 2 0 5 6 = 1.0
2 2 0 5 7 = 1.0
2 2 0 5 8 = 1.0
2 2 0 5 9 = 1.0
2 2 0 6 7 = 1.0
2 2 0 6 8 = 1.0
2 2 0 6 9 = 1.0
2 2 0 6 10 = 1.0
2 2 0 7 8 = 1.0
2 2 0 7 9 = 1.0
2 2 0 7 10 = 1.0
2 2 0 7 11 = 1.0
2 2 0 8 9 = 1.0
2 2 0 8 10 = 1.0
2 2 0 8 11 = 1.0
2 2 0 8 12 = 1.0
2 2 0 9 10 = 1.0
2 2 0 9 11 = 1.0
2 2 0 9 12 = 1.0
2 2 0 9 13 = 1.0
2 2 0 10 11 = 1.0
2 2 0 10 12 = 1.0
2 2 0 10 13 = 1.0
2 2 0 10 14 = 1.0
2 2 0 11 12 = 1.0
2 2 0 11 13 = 1.0
2 2 0 11 14 = 1.0
2 2 0 12 13 = 1.0
2 2 0 12 14 = 1.0
2 2 0 13 14 = 1.0
2 6 0 13 14 = 1.0
2 9 0 0 1 = 1.0
2 9 0 0 2 = 1.0
2 9 0 0 3 = 1.0
2 9 0 0 4 = 1.0
2 9 0 1 2 = 1.0
2 9 0 1 3 = 1.0
2 9 0 1 4 = 1.0
2 9 0 1 5 = 1.0
2 9 0 2 3 = 1.0
2 9 0 2 4 = 1.0
2 9 0 2 5 = 1.0
2 9 0 2 6 = 1.0
2 9 0 3 4 = 1.0
2 9 0 3 5 = 1.0
2 9 0 3 6 = 1.0
2 9 0 3 7 = 1.0
2 9 0 4 5 = 1.0
2 9 0 4 6 = 1.0
2 9 0 4 7 = 1.0
2 9 0 4 8 = 1.0
2 9 0 5 6 = 1.0
2 9 0 5 7 = 1.0
2 9 0 5 8 = 1.0
2 9 0 5 9 = 1.0
2 9 0 6 7 = 1.0
2 9 0 6 8 = 1.0
2 9 0 6 9 = 1.0
2 9 0 6 10 = 1.0
2 9 0 7 8 = 1.0
2 9 0 7 9 = 1.0
2 9 0 7 10 = 1.0
2 9 0 7 11 = 1.0
2 9 0 8 9 = 1.0
2 9 0 8 10 = 1.0
2 9 0 8 11 = 1.0
2 9 0 8 12 = 1.0
2 9 0 9 10 = 1.0
2 9 0 9 11 = 1.0
2 9 0 9 12 = 1.0
2 9 0 9 13 = 1.0
2 9 0 10 11 = 1.0
2 9 0 10 12 = 1.0
2 9 0 10 13 = 1.0
2 9 0 10 14 = 1.0
2 9 0 11 12 = 1.0
2 9 0 11 13 = 1.0
2 9 0 11 14 = 1.0
2 9 0 12 13 = 1.0
2 9 0 12 14 = 1.0
2 9 0 13 14 = 1.0
3 3 0 0 1 = 1.0
3 3 0 0 2 = 1.0
3 3 0 0 3 = 1.0
3 3 0 0 4 = 1.0
3 3 0 1 2 = 1.0
3 3 0 1 3 = 1.0
3 3 0 1 4 = 1.0
3 3 0 1 5 = 1.0
3 3 0 2 3 = 1.0
3 3 0 2 4 = 1.0
3 3 0 2 5 = 1.0
3 3 0 2 6 = 1.0
3 3 0 3 4 = 1.0
3 3 0 3 5 = 1.0
3 3 0 3 6 = 1.0
3 3 0 3 7 = 1.0
3 3 0 4 5 = 1.0
3 3 0 4 6 = 1.0
3 3 0 4 7 = 1.0
3 3 0 4 8 = 1.0
3 3 0 5 6 = 1.0
3 3 0 5 7 = 1.0
3 3 0 5 8 = 1.0
3 3 0 5 9 = 1.0
3 3 0 6 7 = 1.0
3 3 0 6 8 = 1.0
3 3 0 6 9 = 1.0
3 3 0 6 10 = 1.0
3 3 0 7 8 = 1.0
3 3 0 7 9 = 1.0
3 3 0 7 10 = 1.0
3 3 0 7 11 = 1.0
3 3 0 8 9 = 1.0
3 3 0 8 10 = 1.0
3 3 0 8 11 = 1.0
3 3 0 8 12 = 1.0
3 3 0 9 10 = 1.0
3 3 0 9 11 = 1.0
3 3 0 9 12 = 1.0
3 3 0 9 13 = 1.0
3 3 0 10 11 = 1.0
3 3 0 10 12 = 1.0
3 3 0 10 13 = 1.0
3 3 0 10 14 = 1.0
3 3 0 11 12 = 1.0
3 3 0 11 13 = 1.0
3 3 0 11 14 = 1.0
3 3 0 12 13 = 1.0
3 3 0 12 14 = 1.0
3 3 0 13 14 = 1.0
3 8 0 0 1 = 1.0
3 8 0 0 2 = 1.0
3 8 0 0 3 = 1.0
3 8 0 0 4 = 1.0
3 8 0 1 2 = 1.0
3 8 0 1 3 = 1.0
3 8 0 1 4 = 1.0
3 8 0 1 5 = 1.0
3 8 0 2 3 = 1.0
3 8 0 2 4 = 1.0
3 8 0 2 5 = 1.0
3 8 0 2 6 = 1.0
3 8 0 3 4 = 1.0
3 8 0 3 5 = 1.0
3 8 0 3 6 = 1.0
3 8 0 3 7 = 1.0
3 8 0 4 5 = 1.0
3 8 0 4 6 = 1.0
3 8 0 4 7 = 1.0
3 8 0 4 8 = 1.0
3 8 0 5 6 = 1.0
3 8 0 5 7 = 1.0
3 8 0 5 8 = 1.0
3 8 0 5 9 = 1.0
3 8 0 6 7 = 1.0
3 8 0 6 8 = 1.0
3 8 0 6 9 = 1.0
3 8 0 6 10 = 1.0
3 8 0 7 8 = 1.0
3 8 0 7 9 = 1.0
3 8 0 7 10 = 1.0
3 8 0 7 11 = 1.0
3 8 0 8 9 = 1.0
3 8 0 8 10 = 1.0
3 8 0 8 11 = 1.0
3 8 0 8 12 = 1.0
3 8 0 9 10 = 1.0
3 8 0 9 11 = 1.0
3 8 0 9 12 = 1.0
3 8 0 9 13 = 1.0
3 8 0 10 11 = 1.0
3 8 0 10 12 = 1.0
3 8 0 10 13 = 1.0
3 8 0 10 14 = 1.0
3 8 0 11 12 = 1.0
3 8 0 11 13 = 1.0
3 8 0 11 14 = 1.0
3 8 0 12 13 = 1.0
3 8 0 12 14 = 1.0
3 8 0 13 14 = 1.0
4 1 0 0 1 = 1.0
4 1 0 0 2 = 1.0
4 1 0 0 3 = 1.0
4 1 0 0 4 = 1.0
4 1 0 1 2 = 1.0
4 1 0 1 3 = 1.0
4 1 0 1 4 = 1.0
4 1 0 1 5 = 1.0
4 1 0 2 3 = 1.0
4 1 0 2 4 = 1.0
4 1 0 2 5 = 1.0
4 1 0 2 6 = 1.0
4 1 0 3 4 = 1.0
4 1 0 3 5 = 1.0
4 1 0 3 6 = 1.0
4 1 0 3 7 = 1.0
4 1 0 4 5 = 1.0
4 1 0 4 6 = 1.0
4 1 0 4 7 = 1.0
4 1 0 4 8 = 1.0
4 1 0 5 6 = 1.0
4 1 0 5 7 = 1.0
4 1 0 5 8 = 1.0
4 1 0 5 9 = 1.0
4 1 0 6 7 = 1.0
4 1 0 6 8 = 1.0
4 1 0 6 9 = 1.0
4 1 0 6 10 = 1.0
4 1 0 7 8 = 1.0
4 1 0 7 9 = 1.0
4 1 0 7 10 = 1.0
4 1 0 7 11 = 1.0
4 1 0 8 9 = 1.0
4 1 0 8 10 = 1.0
4 1 0 8 11 = 1.0
4 1 0 8 12 = 1.0
4 1 0 9 10 = 1.0
4 1 0 9 11 = 1.0
4 1 0 9 12 = 1.0
4 1 0 9 13 = 1.0
4 1 0 10 11 = 1.0
4 1 0 10 12 = 1.0
4 1 0 10 13 = 1.0
4 1 0 10 14 = 1.0
4 1 0 11 12 = 1.0
4 1 0 11 13 = 1.0
4 1 0 11 14 = 1.0
4 1 0 12 13 = 1.0
4 1 0 12 14 = 1.0
4 1 0 13 14 = 1.0
4 4 0 0 1 = 1.0
4 4 0 0 2 = 1.0
4 4 0 0 3 = 1.0
4 4 0 0 4 = 1.0
4 4 0 1 2 = 1.0
4 4 0 1 3 = 1.0
4 4 0 1 4 = 1.0
4 4 0 1 5 = 1.0
4 4 0 2 3 = 1.0
4 4 0 2 4 = 1.0
4 4 0 2 5 = 1.0
4 4 0 2 6 = 1.0
4 4 0 3 4 = 1.0
4 4 0 3 5 = 1.0
4 4 0 3 6 = 1.0
4 4 0 3 7 = 1.0
4 4 0 4 5 = 1.0
4 4 0 4 6 = 1.0
4 4 0 4 7 = 1.0
4 4 0 4 8 = 1.0
4 4 0 5 6 = 1.0
4 4 0 5 7 = 1.0
4 4 0 5 8 = 1.0
4 4 0 5 9 = 1.0
4 4 0 6 7 = 1.0
4 4 0 6 8 = 1.0
4 4 0 6 9 = 1.0
4 4 0 6 10 = 1.0
4 4 0 7 8 = 1.0
4 4 0 7 9 = 1.0
4 4 0 7 10 = 1.0
4 4 0 7 11 = 1.0
4 4 0 8 9 = 1.0
4 4 0 8 10 = 1.0
4 4 0 8 11 = 1.0
4 4 0 8 12 = 1.0
4 4 0 9 10 = 1.0
4 4 0 9 11 = 1.0
4 4 0 9 12 = 1.0
4 4 0 9 13 = 1.0
4 4 0 10 11 = 1.0
4 4 0 10 12 = 1.0
4 4 0 10 13 = 1.0
4 4 0 10 14 = 1.0
4 4 0 11 12 = 1.0
4 4 0 11 13 = 1.0
4 4 0 11 14 = 1.0
4 4 0 12 13 = 1.0
4 4 0 12 14 = 1.0
4 4 0 13 14 = 1.0
4 7 0 0 1 = 1.0
4 7 0 0 2 = 1.0
4 7 0 0 3 = 1.0
4 7 0 0 4 = 1.0
4 7 0 1 2 = 1.0
4 7 0 1 3 = 1.0
4 7 0 1 4 = 1.0
4 7 0 1 5 = 1.0
4 7 0 2 3 = 1.0
4 7 0 2 4 = 1.0
4 7 0 2 5 = 1.0
4 7 0 2 6 = 1.0
4 7 0 3 4 = 1.0
4 7 0 3 5 = 1.0
4 7 0 3 6 = 1.0
4 7 0 3 7 = 1.0
4 7 0 4 5 = 1.0
4 7 0 4 6 = 1.0
4 7 0 4 7 = 1.0
4 7 0 4 8 = 1.0
4 7 0 5 6 = 1.0
4 7 0 5 7 = 1.0
4 7 0 5 8 = 1.0
4 7 0 5 9 = 1.0
4 7 0 6 7 = 1.0
4 7 0 6 8 = 1.0
4 7 0 6 9 = 1.0
4 7 0 6 10 = 1.0
4 7 0 7 8 = 1.0
4 7 0 7 9 = 1.0
4 7 0 7 10 = 1.0
4 7 0 7 11 = 1.0
4 7 0 8 9 = 1.0
4 7 0 8 10 = 1.0
4 7 0 8 11 = 1.0
4 7 0 8 12 = 1.0
4 7 0 9 10 = 1.0
4 7 0 9 11 = 1.0
4 7 0 9 12 = 1.0
4 7 0 9 13 = 1.0
4 7 0 10 11 = 1.0
4 7 0 10 12 = 1.0
4 7 0 10 13 = 1.0
4 7 0 10 14 = 1.0
4 7 0 11 12 = 1.0
4 7 0 11 13 = 1.0
4 7 0 11 14 = 1.0
4 7 0 12 13 = 1.0
4 7 0 12 14 = 1.0
4 7 0 13 14 = 1.0
5 5 0 0 1 = 1.0
5 5 0 0 2 = 1.0
5 5 0 0 3 = 1.0
5 5 0 0 4 = 1.0
5 5 0 1 2 = 1.0
5 5 0 1 3 = 1.0
5 5 0 1 4 = 1.0
5 5 0 1 5 = 1.0
5 5 0 2 3 = 1.0
5 5 0 2 4 = 1.0
5 5 0 2 5 = 1.0
5 5 0 2 6 = 1.0
5 5 0 3 4 = 1.0
5 5 0 3 5 = 1.0
5 5 0 3 6 = 1.0
5 5 0 3 7 = 1.0
5 5 0 4 5 = 1.0
5 5 0 4 6 = 1.0
5 5 0 4 7 = 1.0
5 5 0 4 8 = 1.0
5 5 0 5 6 = 1.0
5 5 0 5 7 = 1.0
5 5 0 5 8 = 1.0
5 5 0 5 9 = 1.0
5 5 0 6 7 = 1.0
5 5 0 6 8 = 1.0
5 5 0 6 9 = 1.0
5 5 0 6 10 = 1.0
5 5 0 7 8 = 1.0
5 5 0 7 9 = 1.0
5 5 0 7 10 = 1.0
5 5 0 7 11 = 1.0
5 5 0 8 9 = 1.0
5 5 0 8 10 = 1.0
5 5 0 8 11 = 1.0
5 5 0 8 12 = 1.0
5 5 0 9 10 = 1.0
5 5 0 9 11 = 1.0
5 5 0 9 12 = 1.0
5 5 0 9 13 = 1.0
5 5 0 10 11 = 1.0
5 5 0 10 12 = 1.0
5 5 0 10 13 = 1.0
5 5 0 10 14 = 1.0
5 5 0 11 12 = 1.0
5 5 0 11 13 = 1.0
5 5 0 11 14 = 1.0
5 5 0 12 13 = 1.0
5 5 0 12 14 = 1.0
5 5 0 13 14 = 1.0
5 6 0 0 1 = 1.0
5 6 0 0 2 = 1.0
5 6 0 0 3 = 1.0
5 6 0 0 4 = 1.0
5 6 0 1 2 = 1.0
5 6 0 1 3 = 1.0
5 6 0 1 4 = 1.0
5 6 0 1 5 = 1.0
5 6 0 2 3 = 1.0
5 6 0 2 4 = 1.0
5 6 0 2 5 = 1.0
5 6 0 2 6 = 1.0
5 6 0 3 4 = 1.0
5 6 0 3 5 = 1.0
5 6 0 3 6 = 1.0
5 6 0 3 7 = 1.0
5 6 0 4 5 = 1.0
5 6 0 4 6 = 1.0
5 6 0 4 7 = 1.0
5 6 0 4 8 = 1.0
5 6 0 5 6 = 1.0
5 6 0 5 7 = 1.0
5 6 0 5 8 = 1.0
5 6 0 5 9 = 1.0
5 6 0 6 7 = 1.0
5 6 0 6 8 = 1.0
5 6 0 6 9 = 1.0
5 6 0 6 10 = 1.0
5 6 0 7 8 = 1.0
5 6 0 7 9 = 1.0
5 6 0 7 10 = 1.0
5 6 0 7 11 = 1.0
5 6 0 8 9 = 1.0
5 6 0 8 10 = 1.0
5 6 0 8 11 = 1.0
5 6 0 8 12 = 1.0
5 6 0 9 10 = 1.0
5 6 0 9 11 = 1.0
5 6 0 9 12 = 1.0
5 6 0 9 13 = 1.0
5 6 0 10 11 = 1.0
5 6 0 10 12 = 1.0
5 6 0 10 13 = 1.0
5 6 0 10 14 = 1.0
5 6 0 11 12 = 1.0
5 6 0 11 13 = 1.0
5 6 0 11 14 = 1.0
5 6 0 12 13 = 1.0
5 6 0 12 14 = 1.0
5 6 0 13 14 = 1.0
6 0 0 13 14 = 1.0
6 2 0 13 14 = 1.0
6 5 0 0 1 = 1.0
6 5 0 0 2 = 1.0
6 5 0 0 3 = 1.0
6 5 0 0 4 = 1.0
6 5 0 1 2 = 1.0
6 5 0 1 3 = 1.0
6 5 0 1 4 = 1.0
6 5 0 1 5 = 1.0
6 5 0 2 3 = 1.0
6 5 0 2 4 = 1.0
6 5 0 2 5 = 1.0
6 5 0 2 6 = 1.0
6 5 0 3 4 = 1.0
6 5 0 3 5 = 1.0
6 5 0 3 6 = 1.0
6 5 0 3 7 = 1.0
6 5 0 4 5 = 1.0
6 5 0 4 6 = 1.0
6 5 0 4 7 = 1.0
6 5 0 4 8 = 1.0
6 5 0 5 6 = 1.0
6 5 0 5 7 = 1.0
6 5 0 5 8 = 1.0
6 5 0 5 9 = 1.0
6 5 0 6 7 = 1.0
6 5 0 6 8 = 1.0
6 5 0 6 9 = 1.0
6 5 0 6 10 = 1.0
6 5 0 7 8 = 1.0
6 5 0 7 9 = 1.0
6 5 0 7 10 = 1.0
6 5 0 7 11 = 1.0
6 5 0 8 9 = 1.0
6 5 0 8 10 = 1.0
6 5 0 8 11 = 1.0
6 5 0 8 12 = 1.0
6 5 0 9 10 = 1.0
6 5 0 9 11 = 1.0
6 5 0 9 12 = 1.0
6 5 0 9 13 = 1.0
6 5 0 10 11 = 1.0
6 5 0 10 12 = 1.0
6 5 0 10 13 = 1.0
6 5 0 10 14 = 1.0
6 5 0 11 12 = 1.0
6 5 0 11 13 = 1.0
6 5 0 11 14 = 1.0
6 5 0 12 13 = 1.0
6 5 0 12 14 = 1.0
6 5 0 13 14 = 1.0
6 6 0 0 1 = 1.0
6 6 0 0 2 = 1.0
6 6 0 0 3 = 1.0
6 6 0 0 4 = 1.0
6 6 0 1 2 = 1.0
6 6 0 1 3 = 1.0
6 6 0 1 4 = 1.0
6 6 0 1 5 = 1.0
6 6 0 2 3 = 1.0
6 6 0 2 4 = 1.0
6 6 0 2 5 = 1.0
6 6 0 2 6 = 1.0
6 6 0 3 4 = 1.0
6 6 0 3 5 = 1.0
6 6 0 3 6 = 1.0
6 6 0 3 7 = 1.0
6 6 0 4 5 = 1.0
6 6 0 4 6 = 1.0
6 6 0 4 7 = 1.0
6 6 0 4 8 = 1.0
6 6 0 5 6 = 1.0
6 6 0 5 7 = 1.0
6 6 0 5 8 = 1.0
6 6 0 5 9 = 1.0
6 6 0 6 7 = 1.0
6 6 0 6 8 = 1.0
6 6 0 6 9 = 1.0
6 6 0 6 10 = 1.0
6 6 0 7 8 = 1.0
6 6 0 7 9 = 1.0
6 6 0 7 10 = 1.0
6 6 0 7 11 = 1.0
6 6 0 8 9 = 1.0
6 6 0 8 10 = 1.0
6 6 0 8 11 = 1.0
6 6 0 8 12 = 1.0
6 6 0 9 10 = 1.0
6 6 0 9 11 = 1.0
6 6 0 9 12 = 1.0
6 6 0 9 13 = 1.0
6 6 0 10 11 = 1.0
6 6 0 10 12 = 1.0
6 6 0 10 13 = 1.0
6 6 0 10 14 = 1.0
6 6 0 11 12 = 1.0
6 6 0 11 13 = 1.0
6 6 0 11 14 = 1.0
6 6 0 12 13 = 1.0
6 6 0 12 14 = 1.0
6 6 0 13 14 = 1.0
6 9 0 13 14 = 1.0
7 1 0 0 1 = 1.0
7 1 0 0 2 = 1.0
7 1 0 0 3 = 1.0
7 1 0 0 4 = 1.0
7 1 0 1 2 = 1.0
7 1 0 1 3 = 1.0
7 1 0 1 4 = 1.0
7 1 0 1 5 = 1.0
7 1 0 2 3 = 1.0
7 1 0 2 4 = 1.0
7 1 0 2 5 = 1.0
7 1 0 2 6 = 1.0
7 1 0 3 4 = 1.0
7 1 0 3 5 = 1.0
7 1 0 3 6 = 1.0
7 1 0 3 7 = 1.0
7 1 0 4 5 = 1.0
7 1 0 4 6 = 1.0
7 1 0 4 7 = 1.0
7 1 0 4 8 = 1.0
7 1 0 5 6 = 1.0
7 1 0 5 7 = 1.0
7 1 0 5 8 = 1.0
7 1 0 5 9 = 1.0
7 1 0 6 7 = 1.0
7 1 0 6 8 = 1.0
7 1 0 6 9 = 1.0
7 1 0 6 10 = 1.0
7 1 0 7 8 = 1.0
7 1 0 7 9 = 1.0
7 1 0 7 10 = 1.0
7 1 0 7 11 = 1.0
7 1 0 8 9 = 1.0
7 1 0 8 10 = 1.0
7 1 0 8 11 = 1.0
7 1 0 8 12 = 1.0
7 1 0 9 10 = 1.0
7 1 0 9 11 = 1.0
7 1 0 9 12 = 1.0
7 1 0 9 13 = 1.0
7 1 0 10 11 = 1.0
7 1 0 10 12 = 1.0
7 1 0 10 13 = 1.0
7 1 0 10 14 = 1.0
7 1 0 11 12 = 1.0
7 1 0 11 13 = 1.0
7 1 0 11 14 = 1.0
7 1 0 12 13 = 1.0
7 1 0 12 14 = 1.0
7 1 0 13 14 = 1.0
7 4 0 0 1 = 1.0
7 4 0 0 2 = 1.0
7 4 0 0 3 = 1.0
7 4 0 0 4 = 1.0
7 4 0 1 2 = 1.0
7 4 0 1 3 = 1.0
7 4 0 1 4 = 1.0
7 4 0 1 5 = 1.0
7 4 0 2 3 = 1.0
7 4 0 2 4 = 1.0
7 4 0 2 5 = 1.0
7 4 0 2 6 = 1.0
7 4 0 3 4 = 1.0
7 4 0 3 5 = 1.0
7 4 0 3 6 = 1.0
7 4 0 3 7 = 1.0
7 4 0 4 5 = 1.0
7 4 0 4 6 = 1.0
7 4 0 4 7 = 1.0
7 4 0 4 8 = 1.0
7 4 0 5 6 = 1.0
7 4 0 5 7 = 1.0
7 4 0 5 8 = 1.0
7 4 0 5 9 = 1.0
7 4 0 6 7 = 1.0
7 4 0 6 8 = 1.0
7 4 0 6 9 = 1.0
7 4 0 6 10 = 1.0
7 4 0 7 8 = 1.0
7 4 0 7 9 = 1.0
7 4 0 7 10 = 1.0
7 4 0 7 11 = 1.0
7 4 0 8 9 = 1.0
7 4 0 8 10 = 1.0
7 4 0 8 11 = 1.0
7 4 0 8 12 = 1.0
7 4 0 9 10 = 1.0
7 4 0 9 11 = 1.0
7 4 0 9 12 = 1.0
7 4 0 9 13 = 1.0
7 4 0 10 11 = 1.0
7 4 0 10 12 = 1.0
7 4 0 10 13 = 1.0
7 4 0 10 14 = 1.0
7 4 0 11 12 = 1.0
7 4 0 11 13 = 1.0
7 4 0 11 14 = 1.0
7 4 0 12 13 = 1.0
7 4 0 12 14 = 1.0
7 4 0 13 14 = 1.0
7 7 0 0 1 = 1.0
7 7 0 0 2 = 1.0
7 7 0 0 3 = 1.0
7 7 0 0 4 = 1.0
7 7 0 1 2 = 1.0
7 7 0 1 3 = 1.0
7 7 0 1 4 = 1.0
7 7 0 1 5 = 1.0
7 7 0 2 3 = 1.0
7 7 0 2 4 = 1.0
7 7 0 2 5 = 1.0
7 7 0 2 6 = 1.0
7 7 0 3 4 = 1.0
7 7 0 3 5 = 1.0
7 7 0 3 6 = 1.0
7 7 0 3 7 = 1.0
7 7 0 4 5 = 1.0
7 7 0 4 6 = 1.0
7 7 0 4 7 = 1.0
7 7 0 4 8 = 1.0
7 7 0 5 6 = 1.0
7 7 0 5 7 = 1.0
7 7 0 5 8 = 1.0
7 7 0 5 9 = 1.0
7 7 0 6 7 = 1.0
7 7 0 6 8 = 1.0
7 7 0 6 9 = 1.0
7 7 0 6 10 = 1.0
7 7 0 7 8 = 1.0
7 7 0 7 9 = 1.0
7 7 0 7 10 = 1.0
7 7 0 7 11 = 1.0
7 7 0 8 9 = 1.0
7 7 0 8 10 = 1.0
7 7 0 8 11 = 1.0
7 7 0 8 12 = 1.0
7 7 0 9 10 = 1.0
7 7 0 9 11 = 1.0
7 7 0 9 12 = 1.0
7 7 0 9 13 = 1.0
7 7 0 10 11 = 1.0
7 7 0 10 12 = 1.0
7 7 0 10 13 = 1.0
7 7 0 10 14 = 1.0
7 7 0 11 12 = 1.0
7 7 0 11 13 = 1.0
7 7 0 11 14 = 1.0
7 7 0 12 13 = 1.0
7 7 0 12 14 = 1.0
7 7 0 13 14 = 1.0
8 3 0 0 1 = 1.0
8 3 0 0 2 = 1.0
8 3 0 0 3 = 1.0
8 3 0 0 4 = 1.0
8 3 0 1 2 = 1.0
8 3 0 1 3 = 1.0
8 3 0 1 4 = 1.0
8 3 0 1 5 = 1.0
8 3 0 2 3 = 1.0
8 3 0 2 4 = 1.0
8 3 0 2 5 = 1.0
8 3 0 2 6 = 1.0
8 3 0 3 4 = 1.0
8 3 0 3 5 = 1.0
8 3 0 3 6 = 1.0
8 3 0 3 7 = 1.0
8 3 0 4 5 = 1.0
8 3 0 4 6 = 1.0
8 3 0 4 7 = 1.0
8 3 0 4 8 = 1.0
8 3 0 5 6 = 1.0
8 3 0 5 7 = 1.0
8 3 0 5 8 = 1.0
8 3 0 5 9 = 1.0
8 3 0 6 7 = 1.0
8 3 0 6 8 = 1.0
8 3 0 6 9 = 1.0
8 3 0 6 10 = 1.0
8 3 0 7 8 = 1.0
8 3 0 7 9 = 1.0
8 3 0 7 10 = 1.0
8 3 0 7 11 = 1.0
8 3 0 8 9 = 1.0
8 3 0 8 10 = 1.0
8 3 0 8 11 = 1.0
8 3 0 8 12 = 1.0
8 3 0 9 10 = 1.0
8 3 0 9 11 = 1.0
8 3 0 9 12 = 1.0
8 3 0 9 13 = 1.0
8 3 0 10 11 = 1.0
8 3 0 10 12 = 1.0
8 3 0 10 13 = 1.0
8 3 0 10 14 = 1.0
8 3 0 11 12 = 1.0
8 3 0 11 13 = 1.0
8 3 0 11 14 = 1.0
8 3 0 12 13 = 1.0
8 3 0 12 14 = 1.0
8 3 0 13 14 = 1.0
8 8 0 0 1 = 1.0
8 8 0 0 2 = 1.0
8 8 0 0 3 = 1.0
8 8 0 0 4 = 1.0
8 8 0 1 2 = 1.0
8 8 0 1 3 = 1.0
8 8 0 1 4 = 1.0
8 8 0 1 5 = 1.0
8 8 0 2 3 = 1.0
8 8 0 2 4 = 1.0
8 8 0 2 5 = 1.0
8 8 0 2 6 = 1.0
8 8 0 3 4 = 1.0
8 8 0 3 5 = 1.0
8 8 0 3 6 = 1.0
8 8 0 3 7 = 1.0
8 8 0 4 5 = 1.0
8 8 0 4 6 = 1.0
8 8 0 4 7 = 1.0
8 8 0 4 8 = 1.0
8 8 0 5 6 = 1.0
8 8 0 5 7 = 1.0
8 8 0 5 8 = 1.0
8 8 0 5 9 = 1.0
8 8 0 6 7 = 1.0
8 8 0 6 8 = 1.0
8 8 0 6 9 = 1.0
8 8 0 6 10 = 1.0
8 8 0 7 8 = 1.0
8 8 0 7 9 = 1.0
8 8 0 7 10 = 1.0
8 8 0 7 11 = 1.0
8 8 0 8 9 = 1.0
8 8 0 8 10 = 1.0
8 8 0 8 11 = 1.0
8 8 0 8 12 = 1.0
8 8 0 9 10 = 1.0
8 8 0 9 11 = 1.0
8 8 0 9 12 = 1.0
8 8 0 9 13 = 1.0
8 8 0 10 11 = 1.0
8 8 0 10 12 = 1.0
8 8 0 10 13 = 1.0
8 8 0 10 14 = 1.0
8 8 0 11 12 = 1.0
8 8 0 11 13 = 1.0
8 8 0 11 14 = 1.0
8 8 0 12 13 = 1.0
8 8 0 12 14 = 1.0
8 8 0 13 14 = 1.0
9 0 0 0 1 = 1.0
9 0 0 0 2 = 1.0
9 0 0 0 3 = 1.0
9 0 0 0 4 = 1.0
9 0 0 1 2 = 1.0
9 0 0 1 3 = 1.0
9 0 0 1 4 = 1.0
9 0 0 1 5 = 1.0
9 0 0 2 3 = 1.0
9 0 0 2 4 = 1.0
9 0 0 2 5 = 1.0
9 0 0 2 6 = 1.0
9 0 0 3 4 = 1.0
9 0 0 3 5 = 1.0
9 0 0 3 6 = 1.0
9 0 0 3 7 = 1.0
9 0 0 4 5 = 1.0
9 0 0 4 6 = 1.0
9 0 0 4 7 = 1.0
9 0 0 4 8 = 1.0
9 0 0 5 6 = 1.0
9 0 0 5 7 = 1.0
9 0 0 5 8 = 1.0
9 0 0 5 9 = 1.0
9 0 0 6 7 = 1.0
9 0 0 6 8 = 1.0
9 0 0 6 9 = 1.0
9 0 0 6 10 = 1.0
9 0 0 7 8 = 1.0
9 0 0 7 9 = 1.0
9 0 0 7 10 = 1.0
9 0 0 7 11 = 1.0
9 0 0 8 9 = 1.0
9 0 0 8 10 = 1.0
9 0 0 8 11 = 1.0
9 0 0 8 12 = 1.0
9 0 0 9 10 = 1.0
9 0 0 9 11 = 1.0
9 0 0 9 12 = 1.0
9 0 0 9 13 = 1.0
9 0 0 10 11 = 1.0
9 0 0 10 12 = 1.0
9 0 0 10 13 = 1.0
9 0 0 10 14 = 1.0
9 0 0 11 12 = 1.0
9 0 0 11 13 = 1.0
9 0 0 11 14 = 1.0
9 0 0 12 13 = 1.0
9 0 0 12 14 = 1.0
9 0 0 13 14 = 1.0
9 2 0 0 1 = 1.0
9 2 0 0 2 = 1.0
9 2 0 0 3 = 1.0
9 2 0 0 4 = 1.0
9 2 0 1 2 = 1.0
9 2 0 1 3 = 1.0
9 2 0 1 4 = 1.0
9 2 0 1 5 = 1.0
9 2 0 2 3 = 1.0
9 2 0 2 4 = 1.0
9 2 0 2 5 = 1.0
9 2 0 2 6 = 1.0
9 2 0 3 4 = 1.0
9 2 0 3 5 = 1.0
9 2 0 3 6 = 1.0
9 2 0 3 7 = 1.0
9 2 0 4 5 = 1.0
9 2 0 4 6 = 1.0
9 2 0 4 7 = 1.0
9 2 0 4 8 = 1.0
9 2 0 5 6 = 1.0
9 2 0 5 7 = 1.0
9 2 0 5 8 = 1.0
9 2 0 5 9 = 1.0
9 2 0 6 7 = 1.0
9 2 0 6 8 = 1.0
9 2 0 6 9 = 1.0
9 2 0 6 10 = 1.0
9 2 0 7 8 = 1.0
9 2 0 7 9 = 1.0
9 2 0 7 10 = 1.0
9 2 0 7 11 = 1.0
9 2 0 8 9 = 1.0
9 2 0 8 10 = 1.0
9 2 0 8 11 = 1.0
9 2 0 8 12 = 1.0
9 2 0 9 10 = 1.0
9 2 0 9 11 = 1.0
9 2 0 9 12 = 1.0
9 2 0 9 13 = 1.0
9 2 0 10 11 = 1.0
9 2 0 10 12 = 1.0
9 2 0 10 13 = 1.0
9 2 0 10 14 = 1.0
9 2 0 11 12 = 1.0
9 2 0 11 13 = 1.0
9 2 0 11 14 = 1.0
9 2 0 12 13 = 1.0
9 2 0 12 14 = 1.0
9 2 0 13 14 = 1.0
9 6 0 13 14 = 1.0
9 9 0 0 1 = 1.0
9 9 0 0 2 = 1.0
9 9 0 0 3 = 1.0
9 9 0 0 4 = 1.0
9 9 0 1 2 = 1.0
9 9 0 1 3 = 1.0
9 9 0 1 4 = 1.0
9 9 0 1 5 = 1.0
9 9 0 2 3 = 1.0
9 9 0 2 4 = 1.0
9 9 0 2 5 = 1.0
9 9 0 2 6 = 1.0
9 9 0 3 4 = 1.0
9 9 0 3 5 = 1.0
9 9 0 3 6 = 1.0
9 9 0 3 7 = 1.0
9 9 0 4 5 = 1.0
9 9 0 4 6 = 1.0
9 9 0 4 7 = 1.0
9 9 0 4 8 = 1.0
9 9 0 5 6 = 1.0
9 9 0 5 7 = 1.0
9 9 0 5 8 = 1.0
9 9 0 5 9 = 1.0
9 9 0 6 7 = 1.0
9 9 0 6 8 = 1.0
9 9 0 6 9 = 1.0
9 9 0 6 10 = 1.0
9 9 0 7 8 = 1.0
9 9 0 7 9 = 1.0
9 9 0 7 10 = 1.0
9 9 0 7 11 = 1.0
9 9 0 8 9 = 1.0
9 9 0 8 10 = 1.0
9 9 0 8 11 = 1.0
9 9 0 8 12 = 1.0
9 9 0 9 10 = 1.0
9 9 0 9 11 = 1.0
9 9 0 9 12 = 1.0
9 9 0 9 13 = 1.0
9 9 0 10 11 = 1.0
9 9 0 10 12 = 1.0
9 9 0 10 13 = 1.0
9 9 0 10 14 = 1.0
9 9 0 11 12 = 1.0
9 9 0 11 13 = 1.0
9 9 0 11 14 = 1.0
9 9 0 12 13 = 1.0
9 9 0 12 14 = 1.0
9 9 0 13 14 = 1.0
