#i j s ts te 
0 1 0 0 1 = 1.0
0 1 1 0 1 = 1.0
0 1 2 0 1 = 1.0
0 1 3 0 1 = 1.0
0 2 0 0 1 = 1.0
0 2 2 0 1 = 1.0
0 3 0 0 1 = 1.0
0 4 0 0 1 = 1.0
0 5 0 0 1 = 1.0
0 7 0 0 1 = 1.0
0 8 0 0 1 = 1.0
0 9 0 0 1 = 1.0
0 10 0 0 1 = 1.0
0 11 0 0 1 = 1.0
0 12 0 0 1 = 1.0
0 12 1 0 1 = 1.0
0 12 2 0 1 = 1.0
0 12 3 0 1 = 1.0
0 13 0 0 1 = 1.0
0 14 0 0 1 = 1.0
0 15 0 0 1 = 1.0
0 16 0 0 1 = 1.0
0 16 1 0 1 = 1.0
0 16 2 0 1 = 1.0
0 16 3 0 1 = 1.0
0 18 0 0 1 = 1.0
0 19 0 0 1 = 1.0
1 0 0 0 1 = 1.0
1 0 1 0 1 = 1.0
1 0 2 0 1 = 1.0
1 0 3 0 1 = 1.0
1 2 0 0 1 = 1.0
1 2 2 0 1 = 1.0
1 3 0 0 1 = 1.0
1 4 0 0 1 = 1.0
1 5 0 0 1 = 1.0
1 7 0 0 1 = 1.0
1 8 0 0 1 = 1.0
1 9 0 0 1 = 1.0
1 10 0 0 1 = 1.0
1 11 0 0 1 = 1.0
1 12 0 0 1 = 1.0
1 12 1 0 1 = 1.0
1 12 2 0 1 = 1.0
1 12 3 0 1 = 1.0
1 13 0 0 1 = 1.0
1 14 0 0 1 = 1.0
1 15 0 0 1 = 1.0
1 16 0 0 1 = 1.0
1 16 1 0 1 = 1.0
1 16 2 0 1 = 1.0
1 16 3 0 1 = 1.0
1 18 0 0 1 = 1.0
1 19 0 0 1 = 1.0
2 0 0 0 1 = 1.0
2 0 2 0 1 = 1.0
2 1 0 0 1 = 1.0
2 1 2 0 1 = 1.0
2 3 0 0 1 = 1.0
2 3 2 0 1 = 1.0
2 4 0 0 1 = 1.0
2 4 2 0 1 = 1.0
2 5 0 0 1 = 1.0
2 5 2 0 1 = 1.0
2 7 0 0 1 = 1.0
2 7 2 0 1 = 1.0
2 8 0 0 1 = 1.0
2 8 2 0 1 = 1.0
2 9 0 0 1 = 1.0
2 9 2 0 1 = 1.0
2 10 0 0 1 = 1.0
2 10 2 0 1 = 1.0
2 11 0 0 1 = 1.0
2 11 2 0 1 = 1.0
2 12 0 0 1 = 1.0
2 12 2 0 1 = 1.0
2 13 0 0 1 = 1.0
2 13 2 0 1 = 1.0
2 14 0 0 1 = 1.0
2 14 2 0 1 = 1.0
2 15 0 0 1 = 1.0
2 16 0 0 1 = 1.0
2 16 2 0 1 = 1.0
2 17 0 0 1 = 1.0
2 18 0 0 1 = 1.0
2 18 2 0 1 = 1.0
2 19 0 0 1 = 1.0
3 0 0 0 1 = 1.0
3 1 0 0 1 = 1.0
3 2 0 0 1 = 1.0
3 2 2 0 1 = 1.0
3 4 0 0 1 = 1.0
3 4 1 0 1 = 1.0
3 4 2 0 1 = 1.0
3 4 3 0 1 = 1.0
3 5 0 0 1 = 1.0
3 5 1 0 1 = 1.0
3 5 2 0 1 = 1.0
3 5 3 0 1 = 1.0
3 7 0 0 1 = 1.0
3 7 1 0 1 = 1.0
3 7 2 0 1 = 1.0
3 8 0 0 1 = 1.0
3 9 0 0 1 = 1.0
3 9 1 0 1 = 1.0
3 9 2 0 1 = 1.0
3 9 3 0 1 = 1.0
3 10 0 0 1 = 1.0
3 11 0 0 1 = 1.0
3 11 1 0 1 = 1.0
3 11 2 0 1 = 1.0
3 12 0 0 1 = 1.0
3 13 0 0 1 = 1.0
3 13 1 0 1 = 1.0
3 13 2 0 1 = 1.0
3 13 3 0 1 = 1.0
3 14 0 0 1 = 1.0
3 14 1 0 1 = 1.0
3 14 2 0 1 = 1.0
3 15 0 0 1 = 1.0
3 16 0 0 1 = 1.0
3 17 0 0 1 = 1.0
3 18 0 0 1 = 1.0
3 18 1 0 1 = 1.0
3 18 2 0 1 = 1.0
3 18 3 0 1 = 1.0
3 19 0 0 1 = 1.0
4 0 0 0 1 = 1.0
4 1 0 0 1 = 1.0
4 2 0 0 1 = 1.0
4 2 2 0 1 = 1.0
4 3 0 0 1 = 1.0
4 3 1 0 1 = 1.0
4 3 2 0 1 = 1.0
4 3 3 0 1 = 1.0
4 5 0 0 1 = 1.0
4 5 1 0 1 = 1.0
4 5 2 0 1 = 1.0
4 5 3 0 1 = 1.0
4 7 0 0 1 = 1.0
4 7 1 0 1 = 1.0
4 7 2 0 1 = 1.0
4 8 0 0 1 = 1.0
4 9 0 0 1 = 1.0
4 9 1 0 1 = 1.0
4 9 2 0 1 = 1.0
4 9 3 0 1 = 1.0
4 10 0 0 1 = 1.0
4 11 0 0 1 = 1.0
4 11 1 0 1 = 1.0
4 11 2 0 1 = 1.0
4 12 0 0 1 = 1.0
4 13 0 0 1 = 1.0
4 13 1 0 1 = 1.0
4 13 2 0 1 = 1.0
4 13 3 0 1 = 1.0
4 14 0 0 1 = 1.0
4 14 1 0 1 = 1.0
4 14 2 0 1 = 1.0
4 15 0 0 1 = 1.0
4 16 0 0 1 = 1.0
4 17 0 0 1 = 1.0
4 17 2 0 1 = 1.0
4 18 0 0 1 = 1.0
4 18 1 0 1 = 1.0
4 18 2 0 1 = 1.0
4 18 3 0 1 = 1.0
4 19 0 0 1 = 1.0
5 0 0 0 1 = 1.0
5 1 0 0 1 = 1.0
5 2 0 0 1 = 1.0
5 2 2 0 1 = 1.0
5 3 0 0 1 = 1.0
5 3 1 0 1 = 1.0
5 3 2 0 1 = 1.0
5 3 3 0 1 = 1.0
5 4 0 0 1 = 1.0
5 4 1 0 1 = 1.0
5 4 2 0 1 = 1.0
5 4 3 0 1 = 1.0
5 7 0 0 1 = 1.0
5 7 1 0 1 = 1.0
5 7 2 0 1 = 1.0
5 8 0 0 1 = 1.0
5 9 0 0 1 = 1.0
5 9 1 0 1 = 1.0
5 9 2 0 1 = 1.0
5 9 3 0 1 = 1.0
5 10 0 0 1 = 1.0
5 11 0 0 1 = 1.0
5 11 1 0 1 = 1.0
5 11 2 0 1 = 1.0
5 12 0 0 1 = 1.0
5 13 0 0 1 = 1.0
5 13 1 0 1 = 1.0
5 13 2 0 1 = 1.0
5 13 3 0 1 = 1.0
5 14 0 0 1 = 1.0
5 14 1 0 1 = 1.0
5 14 2 0 1 = 1.0
5 15 0 0 1 = 1.0
5 16 0 0 1 = 1.0
5 17 0 0 1 = 1.0
5 17 2 0 1 = 1.0
5 18 0 0 1 = 1.0
5 18 1 0 1 = 1.0
5 18 2 0 1 = 1.0
5 18 3 0 1 = 1.0
5 19 0 0 1 = 1.0
7 0 0 0 1 = 1.0
7 1 0 0 1 = 1.0
7 2 0 0 1 = 1.0
7 2 2 0 1 = 1.0
7 3 0 0 1 = 1.0
7 3 1 0 1 = 1.0
7 3 2 0 1 = 1.0
7 4 0 0 1 = 1.0
7 4 1 0 1 = 1.0
7 4 2 0 1 = 1.0
7 5 0 0 1 = 1.0
7 5 1 0 1 = 1.0
7 5 2 0 1 = 1.0
7 8 0 0 1 = 1.0
7 9 0 0 1 = 1.0
7 9 1 0 1 = 1.0
7 9 2 0 1 = 1.0
7 10 0 0 1 = 1.0
7 11 0 0 1 = 1.0
7 11 1 0 1 = 1.0
7 11 2 0 1 = 1.0
7 11 3 0 1 = 1.0
7 13 0 0 1 = 1.0
7 13 1 0 1 = 1.0
7 13 2 0 1 = 1.0
7 14 0 0 1 = 1.0
7 14 1 0 1 = 1.0
7 14 2 0 1 = 1.0
7 14 3 0 1 = 1.0
7 17 0 0 1 = 1.0
7 17 2 0 1 = 1.0
7 18 0 0 1 = 1.0
7 18 1 0 1 = 1.0
7 18 2 0 1 = 1.0
8 0 0 0 1 = 1.0
8 1 0 0 1 = 1.0
8 2 0 0 1 = 1.0
8 2 2 0 1 = 1.0
8 3 0 0 1 = 1.0
8 4 0 0 1 = 1.0
8 5 0 0 1 = 1.0
8 7 0 0 1 = 1.0
8 9 0 0 1 = 1.0
8 10 0 0 1 = 1.0
8 10 1 0 1 = 1.0
8 10 2 0 1 = 1.0
8 10 3 0 1 = 1.0
8 11 0 0 1 = 1.0
8 12 0 0 1 = 1.0
8 13 0 0 1 = 1.0
8 14 0 0 1 = 1.0
8 15 0 0 1 = 1.0
8 15 2 0 1 = 1.0
8 16 0 0 1 = 1.0
8 17 0 0 1 = 1.0
8 18 0 0 1 = 1.0
8 19 0 0 1 = 1.0
8 19 2 0 1 = 1.0
9 0 0 0 1 = 1.0
9 1 0 0 1 = 1.0
9 2 0 0 1 = 1.0
9 2 2 0 1 = 1.0
9 3 0 0 1 = 1.0
9 3 1 0 1 = 1.0
9 3 2 0 1 = 1.0
9 3 3 0 1 = 1.0
9 4 0 0 1 = 1.0
9 4 1 0 1 = 1.0
9 4 2 0 1 = 1.0
9 4 3 0 1 = 1.0
9 5 0 0 1 = 1.0
9 5 1 0 1 = 1.0
9 5 2 0 1 = 1.0
9 5 3 0 1 = 1.0
9 7 0 0 1 = 1.0
9 7 1 0 1 = 1.0
9 7 2 0 1 = 1.0
9 8 0 0 1 = 1.0
9 10 0 0 1 = 1.0
9 11 0 0 1 = 1.0
9 11 1 0 1 = 1.0
9 11 2 0 1 = 1.0
9 12 0 0 1 = 1.0
9 13 0 0 1 = 1.0
9 13 1 0 1 = 1.0
9 13 2 0 1 = 1.0
9 13 3 0 1 = 1.0
9 14 0 0 1 = 1.0
9 14 1 0 1 = 1.0
9 14 2 0 1 = 1.0
9 15 0 0 1 = 1.0
9 16 0 0 1 = 1.0
9 17 0 0 1 = 1.0
9 17 2 0 1 = 1.0
9 18 0 0 1 = 1.0
9 18 1 0 1 = 1.0
9 18 2 0 1 = 1.0
9 18 3 0 1 = 1.0
9 19 0 0 1 = 1.0
10 0 0 0 1 = 1.0
10 1 0 0 1 = 1.0
10 2 0 0 1 = 1.0
10 2 2 0 1 = 1.0
10 3 0 0 1 = 1.0
10 4 0 0 1 = 1.0
10 5 0 0 1 = 1.0
10 7 0 0 1 = 1.0
10 8 0 0 1 = 1.0
10 8 1 0 1 = 1.0
10 8 2 0 1 = 1.0
10 8 3 0 1 = 1.0
10 9 0 0 1 = 1.0
10 11 0 0 1 = 1.0
10 12 0 0 1 = 1.0
10 13 0 0 1 = 1.0
10 14 0 0 1 = 1.0
10 15 0 0 1 = 1.0
10 15 2 0 1 = 1.0
10 16 0 0 1 = 1.0
10 17 0 0 1 = 1.0
10 18 0 0 1 = 1.0
10 19 0 0 1 = 1.0
10 19 2 0 1 = 1.0
11 0 0 0 1 = 1.0
11 1 0 0 1 = 1.0
11 2 0 0 1 = 1.0
11 2 2 0 1 = 1.0
11 3 0 0 1 = 1.0
11 3 1 0 1 = 1.0
11 3 2 0 1 = 1.0
11 4 0 0 1 = 1.0
11 4 1 0 1 = 1.0
11 4 2 0 1 = 1.0
11 5 0 0 1 = 1.0
11 5 1 0 1 = 1.0
11 5 2 0 1 = 1.0
11 7 0 0 1 = 1.0
11 7 1 0 1 = 1.0
11 7 2 0 1 = 1.0
11 7 3 0 1 = 1.0
11 8 0 0 1 = 1.0
11 9 0 0 1 = 1.0
11 9 1 0 1 = 1.0
11 9 2 0 1 = 1.0
11 10 0 0 1 = 1.0
11 13 0 0 1 = 1.0
11 13 1 0 1 = 1.0
11 13 2 0 1 = 1.0
11 14 0 0 1 = 1.0
11 14 1 0 1 = 1.0
11 14 2 0 1 = 1.0
11 14 3 0 1 = 1.0
11 17 0 0 1 = 1.0
11 17 2 0 1 = 1.0
11 18 0 0 1 = 1.0
11 18 1 0 1 = 1.0
11 18 2 0 1 = 1.0
12 0 0 0 1 = 1.0
12 0 1 0 1 = 1.0
12 0 2 0 1 = 1.0
12 0 3 0 1 = 1.0
12 1 0 0 1 = 1.0
12 1 1 0 1 = 1.0
12 1 2 0 1 = 1.0
12 1 3 0 1 = 1.0
12 2 0 0 1 = 1.0
12 2 2 0 1 = 1.0
12 3 0 0 1 = 1.0
12 4 0 0 1 = 1.0
12 5 0 0 1 = 1.0
12 8 0 0 1 = 1.0
12 9 0 0 1 = 1.0
12 10 0 0 1 = 1.0
12 13 0 0 1 = 1.0
12 15 0 0 1 = 1.0
12 16 0 0 1 = 1.0
12 16 1 0 1 = 1.0
12 16 2 0 1 = 1.0
12 16 3 0 1 = 1.0
12 18 0 0 1 = 1.0
12 19 0 0 1 = 1.0
13 0 0 0 1 = 1.0
13 1 0 0 1 = 1.0
13 2 0 0 1 = 1.0
13 2 2 0 1 = 1.0
13 3 0 0 1 = 1.0
13 3 1 0 1 = 1.0
13 3 2 0 1 = 1.0
13 3 3 0 1 = 1.0
13 4 0 0 1 = 1.0
13 4 1 0 1 = 1.0
13 4 2 0 1 = 1.0
13 4 3 0 1 = 1.0
13 5 0 0 1 = 1.0
13 5 1 0 1 = 1.0
13 5 2 0 1 = 1.0
13 5 3 0 1 = 1.0
13 7 0 0 1 = 1.0
13 7 1 0 1 = 1.0
13 7 2 0 1 = 1.0
13 8 0 0 1 = 1.0
13 9 0 0 1 = 1.0
13 9 1 0 1 = 1.0
13 9 2 0 1 = 1.0
13 9 3 0 1 = 1.0
13 10 0 0 1 = 1.0
13 11 0 0 1 = 1.0
13 11 1 0 1 = 1.0
13 11 2 0 1 = 1.0
13 12 0 0 1 = 1.0
13 14 0 0 1 = 1.0
13 14 1 0 1 = 1.0
13 14 2 0 1 = 1.0
13 15 0 0 1 = 1.0
13 16 0 0 1 = 1.0
13 17 0 0 1 = 1.0
13 17 2 0 1 = 1.0
13 18 0 0 1 = 1.0
13 18 1 0 1 = 1.0
13 18 2 0 1 = 1.0
13 18 3 0 1 = 1.0
13 19 0 0 1 = 1.0
14 0 0 0 1 = 1.0
14 1 0 0 1 = 1.0
14 2 0 0 1 = 1.0
14 2 2 0 1 = 1.0
14 3 0 0 1 = 1.0
14 3 1 0 1 = 1.0
14 3 2 0 1 = 1.0
14 4 0 0 1 = 1.0
14 4 1 0 1 = 1.0
14 4 2 0 1 = 1.0
14 5 0 0 1 = 1.0
14 5 1 0 1 = 1.0
14 5 2 0 1 = 1.0
14 7 0 0 1 = 1.0
14 7 1 0 1 = 1.0
14 7 2 0 1 = 1.0
14 7 3 0 1 = 1.0
14 8 0 0 1 = 1.0
14 9 0 0 1 = 1.0
14 9 1 0 1 = 1.0
14 9 2 0 1 = 1.0
14 10 0 0 1 = 1.0
14 11 0 0 1 = 1.0
14 11 1 0 1 = 1.0
14 11 2 0 1 = 1.0
14 11 3 0 1 = 1.0
14 13 0 0 1 = 1.0
14 13 1 0 1 = 1.0
14 13 2 0 1 = 1.0
14 17 0 0 1 = 1.0
14 17 2 0 1 = 1.0
14 18 0 0 1 = 1.0
14 18 1 0 1 = 1.0
14 18 2 0 1 = 1.0
15 0 0 0 1 = 1.0
15 1 0 0 1 = 1.0
15 2 0 0 1 = 1.0
15 3 0 0 1 = 1.0
15 4 0 0 1 = 1.0
15 5 0 0 1 = 1.0
15 8 0 0 1 = 1.0
15 8 2 0 1 = 1.0
15 9 0 0 1 = 1.0
15 10 0 0 1 = 1.0
15 10 2 0 1 = 1.0
15 12 0 0 1 = 1.0
15 13 0 0 1 = 1.0
15 16 0 0 1 = 1.0
15 18 0 0 1 = 1.0
15 19 0 0 1 = 1.0
15 19 1 0 1 = 1.0
15 19 2 0 1 = 1.0
15 19 3 0 1 = 1.0
16 0 0 0 1 = 1.0
16 0 1 0 1 = 1.0
16 0 2 0 1 = 1.0
16 0 3 0 1 = 1.0
16 1 0 0 1 = 1.0
16 1 1 0 1 = 1.0
16 1 2 0 1 = 1.0
16 1 3 0 1 = 1.0
16 2 0 0 1 = 1.0
16 2 2 0 1 = 1.0
16 3 0 0 1 = 1.0
16 4 0 0 1 = 1.0
16 5 0 0 1 = 1.0
16 8 0 0 1 = 1.0
16 9 0 0 1 = 1.0
16 10 0 0 1 = 1.0
16 12 0 0 1 = 1.0
16 12 1 0 1 = 1.0
16 12 2 0 1 = 1.0
16 12 3 0 1 = 1.0
16 13 0 0 1 = 1.0
16 15 0 0 1 = 1.0
16 18 0 0 1 = 1.0
16 19 0 0 1 = 1.0
17 2 0 0 1 = 1.0
17 3 0 0 1 = 1.0
17 4 0 0 1 = 1.0
17 4 2 0 1 = 1.0
17 5 0 0 1 = 1.0
17 5 2 0 1 = 1.0
17 7 0 0 1 = 1.0
17 7 2 0 1 = 1.0
17 8 0 0 1 = 1.0
17 9 0 0 1 = 1.0
17 9 2 0 1 = 1.0
17 10 0 0 1 = 1.0
17 11 0 0 1 = 1.0
17 11 2 0 1 = 1.0
17 13 0 0 1 = 1.0
17 13 2 0 1 = 1.0
17 14 0 0 1 = 1.0
17 14 2 0 1 = 1.0
17 18 0 0 1 = 1.0
17 18 2 0 1 = 1.0
18 0 0 0 1 = 1.0
18 1 0 0 1 = 1.0
18 2 0 0 1 = 1.0
18 2 2 0 1 = 1.0
18 3 0 0 1 = 1.0
18 3 1 0 1 = 1.0
18 3 2 0 1 = 1.0
18 3 3 0 1 = 1.0
18 4 0 0 1 = 1.0
18 4 1 0 1 = 1.0
18 4 2 0 1 = 1.0
18 4 3 0 1 = 1.0
18 5 0 0 1 = 1.0
18 5 1 0 1 = 1.0
18 5 2 0 1 = 1.0
18 5 3 0 1 = 1.0
18 7 0 0 1 = 1.0
18 7 1 0 1 = 1.0
18 7 2 0 1 = 1.0
18 8 0 0 1 = 1.0
18 9 0 0 1 = 1.0
18 9 1 0 1 = 1.0
18 9 2 0 1 = 1.0
18 9 3 0 1 = 1.0
18 10 0 0 1 = 1.0
18 11 0 0 1 = 1.0
18 11 1 0 1 = 1.0
18 11 2 0 1 = 1.0
18 12 0 0 1 = 1.0
18 13 0 0 1 = 1.0
18 13 1 0 1 = 1.0
18 13 2 0 1 = 1.0
18 13 3 0 1 = 1.0
18 14 0 0 1 = 1.0
18 14 1 0 1 = 1.0
18 14 2 0 1 = 1.0
18 15 0 0 1 = 1.0
18 16 0 0 1 = 1.0
18 17 0 0 1 = 1.0
18 17 2 0 1 = 1.0
18 19 0 0 1 = 1.0
19 0 0 0 1 = 1.0
19 1 0 0 1 = 1.0
19 2 0 0 1 = 1.0
19 3 0 0 1 = 1.0
19 4 0 0 1 = 1.0
19 5 0 0 1 = 1.0
19 8 0 0 1 = 1.0
19 8 2 0 1 = 1.0
19 9 0 0 1 = 1.0
19 10 0 0 1 = 1.0
19 10 2 0 1 = 1.0
19 12 0 0 1 = 1.0
19 13 0 0 1 = 1.0
19 15 0 0 1 = 1.0
19 15 1 0 1 = 1.0
19 15 2 0 1 = 1.0
19 15 3 0 1 = 1.0
19 16 0 0 1 = 1.0
19 18 0 0 1 = 1.0
